  0.00000000000316177  0.00000000000321954  0.00000000000326708  0.00000000000331500
  0.00000000000336123  0.00000000000340462  0.00000000000347078  0.00000000000357383
  0.00000000000370237  0.00000000000382662  0.00000000000395258  0.00000000000408039
  0.00000000000420976  0.00000000000434090  0.00000000000447427  0.00000000000461053
  0.00000000000474986  0.00000000000489231  0.00000000000503758  0.00000000000518501
  0.00000000000534171  0.00000000000552115  0.00000000000571467  0.00000000000591710
  0.00000000000612391  0.00000000000633443  0.00000000000654946  0.00000000000677062
  0.00000000000699679  0.00000000000722884  0.00000000000746710  0.00000000000771135
  0.00000000000795817  0.00000000000821830  0.00000000000850475  0.00000000000885287
  0.00000000000923042  0.00000000000960957  0.00000000000999688  0.00000000001039370
  0.00000000001079697  0.00000000001120896  0.00000000001163113  0.00000000001207077
  0.00000000001252314  0.00000000001299109  0.00000000001356711  0.00000000001422752
  0.00000000001489599  0.00000000001558512  0.00000000001628553  0.00000000001701156
  0.00000000001777614  0.00000000001858076  0.00000000001941351  0.00000000002025161
  0.00000000002132811  0.00000000002247213  0.00000000002373887  0.00000000002507441
  0.00000000002644950  0.00000000002782740  0.00000000002926766  0.00000000003066446
  0.00000000003230597  0.00000000003437005  0.00000000003663448  0.00000000003897405
  0.00000000004141623  0.00000000004394849  0.00000000004665797  0.00000000004975351
  0.00000000005341948  0.00000000005763042  0.00000000006151559  0.00000000006564796
  0.00000000007026573  0.00000000007526901  0.00000000008147387  0.00000000008896633
  0.00000000009671161  0.00000000010536432  0.00000000011429381  0.00000000012429438
  0.00000000013920149  0.00000000015701328  0.00000000017770888  0.00000000020292825
  0.00000000023335524  0.00000000026859503  0.00000000032765715  0.00000000039707492
  0.00000000054916685  0.00000000082786146  0.00001328793334686  1.00000000000000000
 -0.00217977114504543  0.00999057752036375  0.02011795178804195  0.03012176395859233
  0.03995872965174883  0.04986847503652150  0.05975709652059173  0.06992010594767338
  0.07993001626512866  0.09042699261763672  0.10098937135499897  0.11195114160972584
  0.12305984838051535  0.13479696202748354  0.14653022331723223  0.15795907205241574
  0.16950409013008952  0.18093631819928804  0.19207077193932401  0.20284324891548502
  0.21364377486111485  0.22451449768612206  0.23521656679883698  0.24555805428064295
  0.25566489014335103  0.26575508815197679  0.27583834414138048  0.28599545013964245
  0.29597774994575904  0.30578205233716294  0.31569301175813874  0.32584947734030606
  0.33642897142103423  0.34709949425251346  0.35802013065240962  0.36900428711582889
  0.38013437843702785  0.39082070693617471  0.40149726418702392  0.41169892800349961
  0.42169876467428413  0.43151344075600734  0.44154328036315021  0.45185587085561230
  0.46198492110497991  0.47222450585047471  0.48253063747080333  0.49342234172738758
  0.50459702644273596  0.51594257369632246  0.52693397323727365  0.53750985670299445
  0.54813834188480626  0.55861539769381630  0.56914449890747787  0.57952180704617773
  0.58961099592782817  0.59962078463211865  0.61006529078338934  0.62064967682647820
  0.63082330118540375  0.64066401298560915  0.65059782020557166  0.66109576072070797
  0.67178166503058312  0.68258408827084771  0.69354172551813764  0.70420875929720828
  0.71473539891591231  0.72514451324027673  0.73567002717414742  0.74628136894679475
  0.75691616219039637  0.76750878255282362  0.77793296475384710  0.78842072029033150
  0.79904265996108559  0.80967394386146641  0.82026258655253637  0.83072721829090579
  0.84150523287315382  0.85204261855227958  0.86267247285135440  0.87309873868098620
  0.88341983863145634  0.89357865458335461  0.90365858834126589  0.91382666030596948
  0.92414962217708041  0.93471746638262476  0.94541174408706252  0.95618420002581428
  0.96733180728830481  0.97833299430031051  0.98917843982839337  1.00000000000000000
  0.93737083377780694  0.93778041866682449  0.93838046093644789  0.93894710794268432
  0.93961833460271038  0.94030217225623569  0.94100013957072315  0.94168242770740296
  0.94235727050894091  0.94301741136805639  0.94366400631268088  0.94430098176165544
  0.94494778600021767  0.94560522415164383  0.94625543577320970  0.94689648554709960
  0.94755171525054904  0.94821414590865938  0.94886889267901409  0.94951892985817643
  0.95017466972003783  0.95083083315526662  0.95147475782377822  0.95210892998893593
  0.95273892159612628  0.95337607992472129  0.95402309121792417  0.95467066544015511
  0.95530944715035926  0.95595082429516820  0.95658938247466563  0.95722682491552280
  0.95785441520685077  0.95849226006207089  0.95915536885171759  0.95981471814824226
  0.96047138000476417  0.96111757217036087  0.96176171500727436  0.96241577086809438
  0.96306610599240527  0.96372252487478971  0.96436729154545731  0.96500717895257071
  0.96564030675701351  0.96625917727891142  0.96688052682636727  0.96750677540143415
  0.96814868688104261  0.96879505535678068  0.96943258223304818  0.97006248865516487
  0.97069316206554701  0.97132039362027234  0.97194083910961060  0.97255921539688395
  0.97317621260246012  0.97379841487146757  0.97441816591999975  0.97503400303892185
  0.97564123345155906  0.97624703449686379  0.97685205263479569  0.97745846273515180
  0.97806501560836379  0.97867421460481319  0.97929993530596138  0.97993811692943933
  0.98057256289439687  0.98120520995682048  0.98184165705722182  0.98247375047214958
  0.98310837784159344  0.98373947282053842  0.98438700373643295  0.98505492139670148
  0.98573355229521231  0.98640414809053101  0.98707189015942454  0.98774507186480931
  0.98842234768552728  0.98908344745861976  0.98973568834981540  0.99039126242152942
  0.99105900476644548  0.99174105428311909  0.99243798589206422  0.99314758518493951
  0.99385854782660421  0.99456991887510227  0.99529925181538192  0.99606669488183175
  0.99687583657624856  0.99773742256948805  0.99873675107302795  1.00000000000000000
  0.19121763227279445  0.33571305531363210  0.35514508131326383  0.36593555016326251
  0.37457054019487607  0.38133802587143101  0.38718580714680290  0.39260338846568194
  0.39739730258466299  0.40157149247582274  0.40551997741979268  0.40935813170081697
  0.41306842281720346  0.41664978714141032  0.41994332696123521  0.42316531599605717
  0.42634027012591019  0.42947659690475476  0.43254628897975761  0.43556273139037410
  0.43840839823002287  0.44112666639955966  0.44377124987143707  0.44633813630043528
  0.44886233193478764  0.45135694907892471  0.45385506144790222  0.45635211069711940
  0.45880954470590202  0.46121430115162526  0.46357554749524277  0.46592788823221121
  0.46826397418951665  0.47056427427816844  0.47284689411679975  0.47510415406110601
  0.47737343203245708  0.47963347833975889  0.48186772199065570  0.48410059487895274
  0.48634839772350441  0.48857985811654103  0.49078010375106718  0.49295265357399798
  0.49511650622843739  0.49726793073371800  0.49942140373525079  0.50156317147996843
  0.50370290184197442  0.50584269151407113  0.50796762809978713  0.51008500638903276
  0.51222027602366849  0.51437844667922050  0.51656591624752346  0.51877028964222027
  0.52094292199399039  0.52312660170117187  0.52527584422425677  0.52744136929950680
  0.52962044633708150  0.53182525329346486  0.53406456696906901  0.53633736501061069
  0.53861374109310722  0.54089959605235327  0.54323494982918408  0.54562484071349748
  0.54807052987601124  0.55057412476879630  0.55310396185427479  0.55567153840876882
  0.55822741822346356  0.56081499882181474  0.56346144329317160  0.56628235501677537
  0.56910471267083607  0.57197663894718598  0.57493992883123612  0.57797580705632468
  0.58108310880193792  0.58445095500453770  0.58812596178244303  0.59193730966273295
  0.59585008622931324  0.59991341299353995  0.60423289319434526  0.60935049719455603
  0.61487833517741197  0.62085881847553093  0.62797063680098386  0.63675363832563203
  0.64811263478719694  0.66916036696347370  0.80448539854084522  1.00000000000000000
   273.12487617170973       -1.0000000000000000     
 F T F F T T T T T T T T F F T F
