  0.00000000000178035  0.00000000000196391  0.00000000000206386  0.00000000000217415
  0.00000000000228279  0.00000000000238793  0.00000000000249321  0.00000000000259827
  0.00000000000270185  0.00000000000280714  0.00000000000291995  0.00000000000303932
  0.00000000000315702  0.00000000000327768  0.00000000000340040  0.00000000000352473
  0.00000000000365047  0.00000000000377877  0.00000000000391493  0.00000000000406551
  0.00000000000422278  0.00000000000438148  0.00000000000454491  0.00000000000471178
  0.00000000000488119  0.00000000000505275  0.00000000000522266  0.00000000000541549
  0.00000000000563646  0.00000000000585906  0.00000000000608570  0.00000000000631818
  0.00000000000655608  0.00000000000679985  0.00000000000705020  0.00000000000731573
  0.00000000000761589  0.00000000000793902  0.00000000000826246  0.00000000000859793
  0.00000000000894004  0.00000000000929040  0.00000000000964981  0.00000000001005225
  0.00000000001051944  0.00000000001101473  0.00000000001151773  0.00000000001203266
  0.00000000001256929  0.00000000001311676  0.00000000001371216  0.00000000001437530
  0.00000000001508021  0.00000000001580808  0.00000000001655727  0.00000000001734262
  0.00000000001815460  0.00000000001904773  0.00000000002010660  0.00000000002123781
  0.00000000002238009  0.00000000002356984  0.00000000002479197  0.00000000002613248
  0.00000000002772450  0.00000000002946655  0.00000000003132658  0.00000000003331590
  0.00000000003545703  0.00000000003787756  0.00000000004048942  0.00000000004323948
  0.00000000004630743  0.00000000004980268  0.00000000005364027  0.00000000005766111
  0.00000000006175749  0.00000000006626518  0.00000000007192093  0.00000000007839708
  0.00000000008522684  0.00000000009300907  0.00000000010312871  0.00000000011529355
  0.00000000012884785  0.00000000014332913  0.00000000015807457  0.00000000017491256
  0.00000000019877021  0.00000000023192905  0.00000000030431302  0.00000000040124607
  0.00000000051885238  0.00000000077070290  0.00000000168214545  1.00000000000000000
 -0.00197539312935689  0.00937774955302717  0.01937428245309101  0.03027461143961042
  0.04106393036259426  0.05198118426938775  0.06276746772383857  0.07340507646909811
  0.08400901659419226  0.09417539811598308  0.10452498105192602  0.11494581721854305
  0.12542011962111083  0.13548382430607595  0.14558334379070598  0.15606402078160869
  0.16651389408190179  0.17704933582823251  0.18756033193439836  0.19767607782827223
  0.20788011897903416  0.21801939364736667  0.22822350106631484  0.23834155172355831
  0.24850987478761533  0.25852767281041050  0.26857459172164749  0.27919862457275318
  0.28968905136494116  0.30023444079025829  0.31066454913555036  0.32171108912647295
  0.33286977668864803  0.34374669706077604  0.35442195105510060  0.36512648323861696
  0.37577521865437175  0.38676340664412040  0.39793607993949548  0.40911506719030083
  0.42001808272565883  0.43067093186706917  0.44125971200866593  0.45195169218495157
  0.46258790010539907  0.47294392697368259  0.48319751683232981  0.49345768187281669
  0.50375965316070026  0.51400969320361278  0.52433705553786825  0.53466159869005103
  0.54492076808777490  0.55517478642337648  0.56529670570871682  0.57538121508315465
  0.58562006668382049  0.59602537240537723  0.60643340188070494  0.61690704599528046
  0.62763829070705857  0.63874522718925386  0.64976589994428979  0.66062574035098542
  0.67142665090563292  0.68216819525521732  0.69288400990947197  0.70351625376311777
  0.71411876558050191  0.72462106691691819  0.73493087524234102  0.74528407394696095
  0.75597479030507175  0.76698014617035981  0.77785687781402590  0.78845038928274913
  0.79920065698638043  0.80996930459250294  0.82045345051640639  0.83084900127740080
  0.84134494508663271  0.85192856985635235  0.86230142451815861  0.87251804360043850
  0.88278448593235936  0.89311691115357150  0.90376965789255959  0.91470567896724664
  0.92573341659564667  0.93691047549169859  0.94786475732580933  0.95860163458011682
  0.96907954446803457  0.97958813407316836  0.98989811756060020  1.00000000000000000
  0.51230407710285708  0.51686789485703999  0.52079425346392938  0.52587766305816686
  0.53156924141212669  0.53703837460830661  0.54248697578535232  0.54780816933205856
  0.55311506388893039  0.55846104667323127  0.56374056734868228  0.56898029658587257
  0.57413728481432058  0.57926309408156784  0.58427622062799833  0.58930622191757254
  0.59433804467293805  0.59940131282578646  0.60441746268199670  0.60942259414275268
  0.61442512175463204  0.61936171864245659  0.62424818219137357  0.62911463896243836
  0.63401444701147958  0.63893221823778346  0.64385603714064887  0.64873355058264737
  0.65360134224749322  0.65851100139993868  0.66352758295908221  0.66856533103251314
  0.67349814897019533  0.67847354533621862  0.68338751930476305  0.68831245784200989
  0.69309413448253188  0.69790842093017236  0.70265421236698855  0.70745432908067873
  0.71221930521624222  0.71691133961904741  0.72172235428935527  0.72658168603957063
  0.73162687773063673  0.73665555043953623  0.74165596992465510  0.74667463351055452
  0.75158357457827807  0.75641925713453495  0.76116857354602485  0.76581467625128674
  0.77040501260957239  0.77505272626589938  0.77981164711017159  0.78460176238138657
  0.78935075893830831  0.79405340773604483  0.79874963354833350  0.80344336834027652
  0.80815448807722456  0.81288263198288135  0.81762185112225616  0.82241802203215275
  0.82725502323187960  0.83215228286772558  0.83697243083946715  0.84172242817050180
  0.84644680949126072  0.85119226846328055  0.85596592745177480  0.86075224117892402
  0.86553835704270310  0.87029393537481492  0.87506849164400080  0.87986482111566033
  0.88468267032814607  0.88948592409499605  0.89436705846219433  0.89942411821523294
  0.90450881408567529  0.90964409062103169  0.91484853930545762  0.92026724671284987
  0.92572776914612542  0.93106898969498741  0.93643556013862739  0.94204067367036781
  0.94794192191853965  0.95397707890354988  0.96016835274985568  0.96658645842519997
  0.97319784350775262  0.98039392177893359  0.98916863042508230  1.00000000000000000
  0.19125272647449115  0.33489117988545947  0.35359745036203516  0.36474419574139577
  0.37358570960631010  0.38064810964478163  0.38659736069485362  0.39203610628957963
  0.39686543662360696  0.40118232250520469  0.40527310630491958  0.40922863000108362
  0.41303258064130555  0.41671272165808781  0.42003503933284514  0.42324325996280621
  0.42637710634423143  0.42938155944443368  0.43235403105743919  0.43530277623496383
  0.43811453931371824  0.44078347056550549  0.44340422128879514  0.44597750542810466
  0.44855023761499346  0.45108291201022482  0.45355884328684665  0.45599876867381012
  0.45839970328031315  0.46075199784182280  0.46306820176284047  0.46537388405998964
  0.46768407205936857  0.46997087199192633  0.47222762091309872  0.47446042850601150
  0.47666836815795943  0.47886313955243137  0.48105569832904160  0.48326036779315423
  0.48547698808217771  0.48768631649948402  0.48986779501138417  0.49201806845244617
  0.49414912455664783  0.49627774135430502  0.49842572779749417  0.50056839050876512
  0.50275202794596019  0.50493976714991551  0.50711981984936760  0.50929753504981334
  0.51147087908855804  0.51364373626112669  0.51583094759677506  0.51803667145553400
  0.52025041207233791  0.52248928385150029  0.52472917772276018  0.52696739227834888
  0.52923487441916628  0.53150029659584030  0.53383079637887010  0.53617147024572787
  0.53850861079776446  0.54084651596421129  0.54325000975978521  0.54572301249364019
  0.54821440660855025  0.55072188188955218  0.55325081779802399  0.55581245286353498
  0.55841100469951466  0.56106639400901837  0.56381220600512671  0.56670213376032363
  0.56961074888384655  0.57254583578949358  0.57553309517877005  0.57859833056326304
  0.58177196208790205  0.58517524546104349  0.58878663961518818  0.59254402470459033
  0.59645333217118190  0.60060138101732530  0.60504746427654787  0.61000172170064526
  0.61518888835419305  0.62090835954744028  0.62757688961881652  0.63632388761559600
  0.64785447508286487  0.66926563171173281  0.80314671859862719  1.00000000000000000
   2445.7193256478445       -1.0000000000000000     
 F T T F T T T T T T T T F T T F
