  0.00000000000411983  0.00000000000523536  0.00000000000615256  0.00000000000680386
  0.00000000000762474  0.00000000000843323  0.00000000000921347  0.00000000000998533
  0.00000000001075556  0.00000000001149878  0.00000000001219804  0.00000000001291658
  0.00000000001363803  0.00000000001436897  0.00000000001512101  0.00000000001588231
  0.00000000001665614  0.00000000001741823  0.00000000001818130  0.00000000001895330
  0.00000000001974307  0.00000000002055271  0.00000000002137903  0.00000000002220419
  0.00000000002309888  0.00000000002405169  0.00000000002501412  0.00000000002598721
  0.00000000002698615  0.00000000002801754  0.00000000002905483  0.00000000003014379
  0.00000000003135638  0.00000000003263148  0.00000000003391185  0.00000000003522377
  0.00000000003656664  0.00000000003793415  0.00000000003932853  0.00000000004087484
  0.00000000004272357  0.00000000004455273  0.00000000004639956  0.00000000004829794
  0.00000000005023778  0.00000000005224603  0.00000000005438510  0.00000000005680396
  0.00000000005927899  0.00000000006178511  0.00000000006431997  0.00000000006687336
  0.00000000006953425  0.00000000007248997  0.00000000007583736  0.00000000007945739
  0.00000000008319273  0.00000000008700975  0.00000000009080298  0.00000000009470478
  0.00000000009920922  0.00000000010414449  0.00000000010926806  0.00000000011462702
  0.00000000012005803  0.00000000012590952  0.00000000013258729  0.00000000013984442
  0.00000000014735137  0.00000000015533127  0.00000000016345344  0.00000000017249475
  0.00000000018307477  0.00000000019467650  0.00000000020693829  0.00000000021896150
  0.00000000023264201  0.00000000024913051  0.00000000026557091  0.00000000028244849
  0.00000000030150507  0.00000000032713835  0.00000000035532023  0.00000000038320354
  0.00000000041642925  0.00000000045517754  0.00000000049445918  0.00000000053759524
  0.00000000059261239  0.00000000065673173  0.00000000072798372  0.00000000081413983
  0.00000000091609959  0.00000000105766055  0.00000004166789886  1.00000000000000000
 -0.00232731599133453  0.00983090705125594  0.02012716161951266  0.03073625439467388
  0.04122073663593105  0.05212574079030009  0.06268981115041164  0.07383495110251405
  0.08481251782633051  0.09612005019148284  0.10738403685637096  0.11853216537157554
  0.12916989500218606  0.13938981731749328  0.14972395097503208  0.16013222203652513
  0.17065615542212950  0.18102413257494065  0.19126291897469425  0.20133250235088715
  0.21130614076618920  0.22127811053684382  0.23166712580146401  0.24250732022775939
  0.25379420213194354  0.26517745394171616  0.27624044572035206  0.28715266216100488
  0.29810871659892108  0.30906646493382628  0.32005295708174181  0.33084994035978071
  0.34140372385867368  0.35174971624266538  0.36208268978590791  0.37253730404073748
  0.38280199324968045  0.39270670244394518  0.40261776030149349  0.41259008495169103
  0.42290420555537284  0.43319324361799133  0.44393091687971270  0.45489739128326856
  0.46578032177794931  0.47649262117765356  0.48711928326767284  0.49767335622063025
  0.50815597310091631  0.51870160797245235  0.52914549570730907  0.53950053755857907
  0.54973639662353357  0.56020715098695228  0.57076118049452196  0.58127890450289377
  0.59184512968919523  0.60252644170702463  0.61343687873990882  0.62440758444365996
  0.63561813141862589  0.64659259182148476  0.65694128203818070  0.66714294173527322
  0.67770964746926599  0.68839525972440530  0.69872017796710995  0.70894350951086649
  0.71916863220158012  0.72919259137668535  0.73895296315744974  0.74877558995068549
  0.75910249704849375  0.76955253508018606  0.78021233633113474  0.79081117796599887
  0.80169955328455911  0.81259000834158390  0.82334111974887680  0.83406074983471612
  0.84479029656506177  0.85532341998051409  0.86571941797325636  0.87637489785474687
  0.88717177629310162  0.89765132383386470  0.90787539759580649  0.91830131474602872
  0.92880066398712413  0.93906807430082995  0.94929237682124779  0.95958894342549639
  0.96979989816518275  0.97986728487701469  0.98985719605404476  1.00000000000000000
  0.19315534885362803  0.19970606010052211  0.20890182967100737  0.21849852634213915
  0.22831345049505078  0.23790318891868484  0.24730855750628908  0.25663677482697406
  0.26590744890330098  0.27496699215727133  0.28370723111948265  0.29223542288498067
  0.30065093062998349  0.30910894046444937  0.31772628257915120  0.32641359830362759
  0.33502593834643707  0.34368401253159686  0.35227104628821843  0.36067492473607043
  0.36904158789853320  0.37739815467473287  0.38584964442391106  0.39426677356063544
  0.40245175160972396  0.41043538908525068  0.41840278452528296  0.42644737455846171
  0.43431468101144660  0.44191259680766370  0.44952792730298752  0.45728498363369552
  0.46504646450204917  0.47268989478263740  0.48020817687090822  0.48766365500465925
  0.49510004661523993  0.50256985144343014  0.51000599963619253  0.51751523368270091
  0.52520888590593973  0.53310993686687047  0.54077704192592202  0.54805658390686118
  0.55517844128126181  0.56224053958262732  0.56924519430192255  0.57615283739704792
  0.58320882775228966  0.59031794846138397  0.59757265565764328  0.60478849531565526
  0.61226372778584137  0.61955181677419058  0.62673683580967043  0.63387912868415197
  0.64100135871445529  0.64815300830877831  0.65524899090832989  0.66233593896291398
  0.66968613577647762  0.67740475020385749  0.68528979342123131  0.69300005818249644
  0.70045667770062858  0.70787793110485242  0.71528409476711052  0.72266253302044592
  0.73008873659901274  0.73743672068861865  0.74471687008060805  0.75211815995512321
  0.75966360948147160  0.76731627994486795  0.77519582437952439  0.78335703602891626
  0.79155641825604606  0.79964215742157752  0.80776114286720435  0.81615650849742827
  0.82475821306808927  0.83325108602068265  0.84151662350731393  0.84976394978625469
  0.85833976234729270  0.86720219917063524  0.87611864691272456  0.88531136259825116
  0.89452857291465271  0.90467961441331801  0.91535072747548729  0.92713605648789854
  0.93984814926629856  0.95417800038956380  0.97286502697459210  1.00000000000000000
  0.20983404922163593  0.35449852157694817  0.37180930984149374  0.38228640944010017
  0.39013011885572763  0.39655046889955742  0.40157519123254842  0.40619930692174422
  0.41059536209394248  0.41473302965223052  0.41838519816073316  0.42169407298806555
  0.42484497108607322  0.42788618146378632  0.43079789442580069  0.43362928060856198
  0.43636838077996176  0.43898700899163062  0.44140157035720423  0.44380855792449775
  0.44614485331694237  0.44844645537468703  0.45071186013665437  0.45296372144225572
  0.45518721945534873  0.45742363101873984  0.45953003174759194  0.46158881180065753
  0.46362690329599832  0.46564000343379353  0.46764982326684323  0.46965442316160494
  0.47163651061857648  0.47362315242987868  0.47561918380763696  0.47760904904095791
  0.47958104627573184  0.48146681666245716  0.48334281166930415  0.48521051116812292
  0.48707056248129099  0.48890959263931322  0.49073329304702107  0.49254336467941745
  0.49433518362270229  0.49612025771350127  0.49792313904573671  0.49973774864882275
  0.50156071051731688  0.50335070053946473  0.50515389795104948  0.50696814591824479
  0.50878712280352933  0.51061714445522632  0.51245415196582744  0.51431025133484765
  0.51620191945504301  0.51811928523357464  0.52003392355288836  0.52192898384097530
  0.52385525130242394  0.52575197298175247  0.52769338353284156  0.52965754347897787
  0.53162640545220130  0.53360443033817784  0.53558137069570000  0.53758577775632133
  0.53963487956831324  0.54174166846565674  0.54393665629831855  0.54618809711293226
  0.54842284877953640  0.55072010465299726  0.55307390859015448  0.55547253895807625
  0.55791734662340398  0.56036758936589592  0.56285148662339823  0.56568991296452664
  0.56854767945771900  0.57149079033473371  0.57451135773653039  0.57764621848166298
  0.58088306328135364  0.58452037413935976  0.58861045186966432  0.59299145608002601
  0.59776835829549568  0.60288356050454217  0.60952401524406286  0.61748267810821722
  0.62868289155747370  0.64963357047585524  0.78860217661318066  1.00000000000000000
   15.409674423096916       -1.0000000000000000     
 F T T F T T T T T T T T F T T F
