  0.00000000000182741  0.00000000000197489  0.00000000000206263  0.00000000000215857
  0.00000000000225628  0.00000000000235060  0.00000000000244687  0.00000000000254369
  0.00000000000264111  0.00000000000274085  0.00000000000284313  0.00000000000295254
  0.00000000000306561  0.00000000000317887  0.00000000000329389  0.00000000000341171
  0.00000000000353257  0.00000000000365488  0.00000000000378004  0.00000000000391058
  0.00000000000405293  0.00000000000420244  0.00000000000435361  0.00000000000450842
  0.00000000000466764  0.00000000000483140  0.00000000000499841  0.00000000000516958
  0.00000000000535356  0.00000000000555432  0.00000000000576286  0.00000000000598054
  0.00000000000620417  0.00000000000643695  0.00000000000667398  0.00000000000691849
  0.00000000000715911  0.00000000000744311  0.00000000000774480  0.00000000000805689
  0.00000000000837770  0.00000000000871033  0.00000000000905643  0.00000000000941015
  0.00000000000977789  0.00000000001019100  0.00000000001064352  0.00000000001112788
  0.00000000001162765  0.00000000001214792  0.00000000001268539  0.00000000001324604
  0.00000000001382579  0.00000000001450611  0.00000000001523106  0.00000000001598183
  0.00000000001676563  0.00000000001758754  0.00000000001843966  0.00000000001943919
  0.00000000002054266  0.00000000002166470  0.00000000002283334  0.00000000002404724
  0.00000000002533143  0.00000000002676554  0.00000000002835789  0.00000000003006446
  0.00000000003187433  0.00000000003377237  0.00000000003589167  0.00000000003827262
  0.00000000004081956  0.00000000004352539  0.00000000004650986  0.00000000004995377
  0.00000000005409803  0.00000000005855004  0.00000000006309305  0.00000000006821792
  0.00000000007406712  0.00000000008039752  0.00000000008698802  0.00000000009444368
  0.00000000010329579  0.00000000011274775  0.00000000012334583  0.00000000013704664
  0.00000000015339110  0.00000000017155251  0.00000000019318259  0.00000000022257971
  0.00000000026088373  0.00000000030723283  0.00000000591921296  1.00000000000000000
 -0.00257573785102506  0.00982038043392638  0.02029946515714482  0.03092657418081639
  0.04171086959113176  0.05186031744241482  0.06207177817903407  0.07220450786787747
  0.08253777378919894  0.09297417917507514  0.10365326359432633  0.11436210445984041
  0.12496762542000903  0.13550765718333718  0.14608433076427468  0.15650486784527559
  0.16681241224292817  0.17704058778981796  0.18724992430080445  0.19764901133564439
  0.20821892073452941  0.21892305589463684  0.22970356125457722  0.24033675257081458
  0.25095559218182883  0.26154571267209786  0.27219344070284857  0.28271877345922403
  0.29321362063141004  0.30371411153509348  0.31422850158859600  0.32479682565646095
  0.33518401655167451  0.34599859914313064  0.35684022204543453  0.36790570473065892
  0.37886012517267870  0.38948132059755219  0.40000988446098773  0.41028646785353867
  0.42065387648449737  0.43058504500324357  0.44073043554289443  0.45103688884148668
  0.46155881197769977  0.47201660045470478  0.48258372148121786  0.49355166129766420
  0.50459031845932123  0.51510367321747064  0.52557281515482457  0.53599863781365253
  0.54664080553063843  0.55724773605143751  0.56783343804176256  0.57814602734213327
  0.58850163960152213  0.59895265522937857  0.60932252807637699  0.61995971834930086
  0.63052457222158642  0.64160686625293006  0.65255486140030072  0.66340363325527452
  0.67389434598681075  0.68417498819743494  0.69461292028107879  0.70514860969944870
  0.71588619973068701  0.72654307407779828  0.73742969878602949  0.74810399128370886
  0.75903058250157129  0.76947942375674716  0.77994968233515394  0.79027123290904511
  0.80049219752773537  0.81098211523500918  0.82129641059611624  0.83212018059022586
  0.84227933794961252  0.85292715908313577  0.86336836388028215  0.87364117186576284
  0.88401021800002144  0.89431437880400821  0.90470778293308973  0.91482320111477822
  0.92504394845865667  0.93543299893139042  0.94599122853683049  0.95685785001994217
  0.96762422919172042  0.97856420481332329  0.98912829364213062  1.00000000000000000
  0.50976575241638022  0.51494909918215992  0.51921913063381742  0.52380324838501480
  0.52883407685898975  0.53398953300370300  0.53919994106829705  0.54444517474612852
  0.54959722696141577  0.55466290833603282  0.55964411592986107  0.56468117266687989
  0.56980073334031123  0.57489877012366919  0.57993892687152815  0.58501161404687640
  0.59018893969091946  0.59539030063538700  0.60051603234259499  0.60559681339394478
  0.61065870622905083  0.61570654452539442  0.62076111421168523  0.62585327246516964
  0.63094326191544015  0.63595298161820912  0.64090585304407444  0.64584375159465557
  0.65084407783050779  0.65589033465547197  0.66097287687145134  0.66602059245206557
  0.67100988145469653  0.67596041879755775  0.68091939261641488  0.68584832287125896
  0.69077528349937711  0.69568613218882891  0.70063334833289748  0.70553141216897131
  0.71034645840837485  0.71508979916279858  0.71980651417921770  0.72453766475736581
  0.72927154915331460  0.73408498581562132  0.73896105791938826  0.74384409462267909
  0.74868146911773559  0.75343089424036558  0.75809785881770964  0.76277233509836528
  0.76753193291229938  0.77236664021682044  0.77713297657622016  0.78188461698981615
  0.78662123711754994  0.79131262285023041  0.79593586354588275  0.80056365406045982
  0.80523728040599951  0.80986176882112904  0.81445305804733481  0.81908869361715664
  0.82376667515282809  0.82848519350518468  0.83324598788032889  0.83809406206590598
  0.84284106035731887  0.84756393700773791  0.85223018826234354  0.85699730390169360
  0.86177283314061026  0.86663819750153170  0.87151632310974869  0.87649502497358156
  0.88147159542860587  0.88647192126938468  0.89146361612598224  0.89653461815638558
  0.90166686027211862  0.90680836493026018  0.91202103697528192  0.91730716423611391
  0.92275302341662491  0.92828386672524599  0.93388454814523303  0.93964215488181535
  0.94554219384000204  0.95156384437239294  0.95779668010972707  0.96426699361744717
  0.97113981976067643  0.97863419776365457  0.98796592555209106  1.00000000000000000
  0.18512676920964377  0.34396555359942849  0.36173884476913754  0.37228654014262996
  0.38006403022490298  0.38650227450498481  0.39215652044449345  0.39712551641480320
  0.40152012369372353  0.40565720215654594  0.40957925924706662  0.41330625196796883
  0.41685151323315156  0.42016236655866113  0.42333521796206497  0.42641784885180506
  0.42936954952987733  0.43224096220160468  0.43507946007610160  0.43783034044878194
  0.44042828048608051  0.44298904002758138  0.44550501487986177  0.44799246670506787
  0.45042550487218558  0.45283678631362356  0.45523184524575888  0.45759506364806835
  0.45991124681371842  0.46217392496039750  0.46440601476702670  0.46664860635742889
  0.46886198189283596  0.47105646969835085  0.47322912760709585  0.47538682791318915
  0.47753248353558397  0.47964446808576588  0.48172011645975116  0.48378014760849231
  0.48583469940262464  0.48788004864385137  0.48990643343060353  0.49192405165526576
  0.49395009102886783  0.49597026955258094  0.49800355365803939  0.50007087304448594
  0.50215620915651726  0.50425313934790428  0.50636548013077354  0.50847410723175501
  0.51057184058741711  0.51265633339751604  0.51472370863142425  0.51677224242080366
  0.51884359634198918  0.52094346173568495  0.52306347666752495  0.52519885572322700
  0.52734721375368343  0.52951200129656661  0.53168729684267024  0.53386527695807695
  0.53606322484808200  0.53829549995924508  0.54057534570733978  0.54291237596318920
  0.54529820848756716  0.54770102322764735  0.55012822155486030  0.55259983733994378
  0.55511407606074747  0.55765719609535924  0.56025290707437114  0.56289312126835311
  0.56568532213196732  0.56853563075478641  0.57145604118706361  0.57445821586295231
  0.57753722763947624  0.58071580167266190  0.58407358757837002  0.58764408466411189
  0.59140425602467162  0.59534060796670230  0.59951556913333637  0.60397932289260137
  0.60909114446528267  0.61475239055176312  0.62100209483027924  0.62872947070705176
  0.63969739217452737  0.65894172760299863  0.81343749347669680  1.00000000000000000
   1213.2288658824541       -1.0000000000000000     
 F T T F T T T T T T T T F T T F
