# BEGIN PLOT
Legend=1
LogY=0
ReplaceOption[cent=GEN]=(Gen)
ReplaceOption[cent=IMP]=(Imp)
YLabel=$(1/N_{evt}) \; dN_{ch}/d\eta$
YMax=85
Title=Charged particle density. Centrality 5-10\%
DrawOnly=/MC_Cent_pPb_Eta/d02-x01-y06 //home/maxinfilip/Rivet.yoda/MC_Cent_pPb_Eta/d02-x01-y06
LegendOnly=/MC_Cent_pPb_Eta/d02-x01-y06 //home/maxinfilip/Rivet.yoda/MC_Cent_pPb_Eta/d02-x01-y06
RatioPlot=1
RatioPlotReference=/MC_Cent_pPb_Eta/d02-x01-y06
# END PLOT

# BEGIN HISTO1D /MC_Cent_pPb_Eta/d02-x01-y06
ConnectBins=0
ErrorBars=1
Path=/MC_Cent_pPb_Eta/d02-x01-y06
PolyMarker=*
Title=Data
# xlow	 xhigh	 val	 errminus	 errplus
-2.700000e+00	-2.600000e+00	4.161300e+01	1.476570e+00	1.476570e+00
-2.600000e+00	-2.500000e+00	4.138800e+01	1.485224e+00	1.485224e+00
-2.500000e+00	-2.400000e+00	4.210400e+01	1.383285e+00	1.383285e+00
-2.400000e+00	-2.300000e+00	4.208900e+01	1.348508e+00	1.348508e+00
-2.300000e+00	-2.200000e+00	4.220600e+01	1.341972e+00	1.341972e+00
-2.200000e+00	-2.100000e+00	4.251600e+01	1.376962e+00	1.376962e+00
-2.100000e+00	-2.000000e+00	4.250900e+01	1.336376e+00	1.336376e+00
-2.000000e+00	-1.900000e+00	4.270200e+01	1.311562e+00	1.311562e+00
-1.900000e+00	-1.800000e+00	4.248300e+01	1.290645e+00	1.290645e+00
-1.800000e+00	-1.700000e+00	4.237400e+01	1.274570e+00	1.274570e+00
-1.700000e+00	-1.600000e+00	4.236700e+01	1.280889e+00	1.280889e+00
-1.600000e+00	-1.500000e+00	4.201200e+01	1.252085e+00	1.252085e+00
-1.500000e+00	-1.400000e+00	4.170400e+01	1.198548e+00	1.198548e+00
-1.400000e+00	-1.300000e+00	4.135500e+01	1.194138e+00	1.194138e+00
-1.300000e+00	-1.200000e+00	4.122200e+01	1.189651e+00	1.189651e+00
-1.200000e+00	-1.100000e+00	4.064300e+01	1.179211e+00	1.179211e+00
-1.100000e+00	-1.000000e+00	4.018300e+01	1.149318e+00	1.149318e+00
-1.000000e+00	-9.000000e-01	3.982600e+01	1.120130e+00	1.120130e+00
-9.000000e-01	-8.000000e-01	3.937700e+01	1.116662e+00	1.116662e+00
-8.000000e-01	-7.000000e-01	3.885700e+01	1.100514e+00	1.100514e+00
-7.000000e-01	-6.000000e-01	3.823100e+01	1.056835e+00	1.056835e+00
-6.000000e-01	-5.000000e-01	3.766500e+01	1.052408e+00	1.052408e+00
-5.000000e-01	-4.000000e-01	3.745100e+01	1.046733e+00	1.046733e+00
-4.000000e-01	-3.000000e-01	3.683600e+01	1.045771e+00	1.045771e+00
-3.000000e-01	-2.000000e-01	3.632100e+01	1.001906e+00	1.001906e+00
-2.000000e-01	-1.000000e-01	3.582500e+01	9.835954e-01	9.835954e-01
-1.000000e-01	0.000000e+00	3.543200e+01	9.741099e-01	9.741099e-01
0.000000e+00	1.000000e-01	3.549700e+01	9.612497e-01	9.612497e-01
1.000000e-01	2.000000e-01	3.518900e+01	9.725045e-01	9.725045e-01
2.000000e-01	3.000000e-01	3.519700e+01	9.794432e-01	9.794432e-01
3.000000e-01	4.000000e-01	3.513200e+01	1.003087e+00	1.003087e+00
4.000000e-01	5.000000e-01	3.487600e+01	1.001180e+00	1.001180e+00
5.000000e-01	6.000000e-01	3.492900e+01	1.003466e+00	1.003466e+00
6.000000e-01	7.000000e-01	3.493700e+01	1.005356e+00	1.005356e+00
7.000000e-01	8.000000e-01	3.465500e+01	1.004703e+00	1.004703e+00
8.000000e-01	9.000000e-01	3.481100e+01	1.026797e+00	1.026797e+00
9.000000e-01	1.000000e+00	3.461900e+01	1.027109e+00	1.027109e+00
1.000000e+00	1.100000e+00	3.465100e+01	1.039759e+00	1.039759e+00
1.100000e+00	1.200000e+00	3.442000e+01	1.026476e+00	1.026476e+00
1.200000e+00	1.300000e+00	3.425600e+01	1.047402e+00	1.047402e+00
1.300000e+00	1.400000e+00	3.398500e+01	1.026170e+00	1.026170e+00
1.400000e+00	1.500000e+00	3.367300e+01	1.037915e+00	1.037915e+00
1.500000e+00	1.600000e+00	3.324200e+01	1.029005e+00	1.029005e+00
1.600000e+00	1.700000e+00	3.302400e+01	1.035333e+00	1.035333e+00
1.700000e+00	1.800000e+00	3.242600e+01	1.027120e+00	1.027120e+00
1.800000e+00	1.900000e+00	3.198600e+01	1.045578e+00	1.045578e+00
1.900000e+00	2.000000e+00	3.159800e+01	1.062460e+00	1.062460e+00
2.000000e+00	2.100000e+00	3.115400e+01	1.114840e+00	1.114840e+00
2.100000e+00	2.200000e+00	3.060900e+01	1.106601e+00	1.106601e+00
2.200000e+00	2.300000e+00	2.996300e+01	1.229425e+00	1.229425e+00
2.300000e+00	2.400000e+00	2.920800e+01	1.166355e+00	1.166355e+00
2.400000e+00	2.500000e+00	2.901500e+01	1.193792e+00	1.193792e+00
2.500000e+00	2.600000e+00	2.836600e+01	1.165223e+00	1.165223e+00
2.600000e+00	2.700000e+00	2.760300e+01	1.307951e+00	1.307951e+00
# END HISTO1D


# BEGIN HISTO1D //home/maxinfilip/Rivet.yoda/MC_Cent_pPb_Eta/d02-x01-y06
LineColor=red
LineStyle=solid
Path=//home/maxinfilip/Rivet.yoda/MC_Cent_pPb_Eta/d02-x01-y06
ScaledBy=3.97800715207706621e+21
Title=Rivet
# xlow	 xhigh	 val	 errminus	 errplus
-2.700000e+00	-2.600000e+00	1.453979e+01	9.349395e+00	9.349395e+00
-2.600000e+00	-2.500000e+00	0.000000e+00	0.000000e+00	0.000000e+00
-2.500000e+00	-2.400000e+00	1.317484e+01	9.316016e+00	9.316016e+00
-2.400000e+00	-2.300000e+00	2.975816e+00	2.306181e+00	2.306181e+00
-2.300000e+00	-2.200000e+00	4.367656e-01	4.367656e-01	4.367656e-01
-2.200000e+00	-2.100000e+00	6.812513e-01	5.005372e-01	5.005372e-01
-2.100000e+00	-2.000000e+00	2.731330e+00	2.293185e+00	2.293185e+00
-2.000000e+00	-1.900000e+00	2.347785e+00	1.051667e+00	1.051667e+00
-1.900000e+00	-1.800000e+00	2.347785e+00	1.051667e+00	1.051667e+00
-1.800000e+00	-1.700000e+00	9.828360e-01	6.949700e-01	6.949700e-01
-1.700000e+00	-1.600000e+00	4.367656e-01	4.367656e-01	4.367656e-01
-1.600000e+00	-1.500000e+00	2.155505e+00	9.874272e-01	9.874272e-01
-1.500000e+00	-1.400000e+00	1.068370e+01	7.019672e+00	7.019672e+00
-1.400000e+00	-1.300000e+00	2.239912e+00	2.239912e+00	2.239912e+00
-1.300000e+00	-1.200000e+00	6.831904e+00	6.591953e+00	6.591953e+00
-1.200000e+00	-1.100000e+00	4.367656e-01	4.367656e-01	4.367656e-01
-1.100000e+00	-1.000000e+00	7.323322e+00	6.610245e+00	6.610245e+00
-1.000000e+00	-9.000000e-01	7.570254e+00	6.623976e+00	6.623976e+00
-9.000000e-01	-8.000000e-01	9.281836e-01	6.574617e-01	6.574617e-01
-8.000000e-01	-7.000000e-01	9.828360e-01	6.949700e-01	6.949700e-01
-7.000000e-01	-6.000000e-01	3.604862e+00	2.374916e+00	2.374916e+00
-6.000000e-01	-5.000000e-01	7.323322e+00	6.610245e+00	6.610245e+00
-5.000000e-01	-4.000000e-01	4.914180e-01	4.914181e-01	4.914181e-01
-4.000000e-01	-3.000000e-01	2.731330e+00	2.293185e+00	2.293185e+00
-3.000000e-01	-2.000000e-01	1.471807e+00	7.762279e-01	7.762279e-01
-2.000000e-01	-1.000000e-01	9.828360e-01	6.949700e-01	6.949700e-01
-1.000000e-01	0.000000e+00	1.172669e+00	7.014479e-01	7.014479e-01
0.000000e+00	1.000000e-01	4.914180e-01	4.914181e-01	4.914181e-01
1.000000e-01	2.000000e-01	3.168096e+00	2.334408e+00	2.334408e+00
2.000000e-01	3.000000e-01	0.000000e+00	0.000000e+00	0.000000e+00
3.000000e-01	4.000000e-01	4.914180e-01	4.914181e-01	4.914181e-01
4.000000e-01	5.000000e-01	3.602415e+00	2.349102e+00	2.349102e+00
5.000000e-01	6.000000e-01	1.419602e+00	8.208213e-01	8.208213e-01
6.000000e-01	7.000000e-01	0.000000e+00	0.000000e+00	0.000000e+00
7.000000e-01	8.000000e-01	0.000000e+00	0.000000e+00	0.000000e+00
8.000000e-01	9.000000e-01	8.495991e+00	6.647358e+00	6.647358e+00
9.000000e-01	1.000000e+00	4.479825e+00	3.167714e+00	3.167714e+00
1.000000e+00	1.100000e+00	1.223747e+01	7.334752e+00	7.334752e+00
1.100000e+00	1.200000e+00	1.079056e+01	7.018213e+00	7.018213e+00
1.200000e+00	1.300000e+00	8.742924e+00	6.661013e+00	6.661013e+00
1.300000e+00	1.400000e+00	8.495991e+00	6.647358e+00	6.647358e+00
1.400000e+00	1.500000e+00	7.760088e+00	6.624659e+00	6.624659e+00
1.500000e+00	1.600000e+00	4.889714e-01	3.457550e-01	3.457550e-01
1.600000e+00	1.700000e+00	9.828360e-01	6.949700e-01	6.949700e-01
1.700000e+00	1.800000e+00	4.916590e+00	3.197684e+00	3.197684e+00
1.800000e+00	1.900000e+00	5.844774e+00	3.264572e+00	3.264572e+00
1.900000e+00	2.000000e+00	3.412582e+00	2.347176e+00	2.347176e+00
2.000000e+00	2.100000e+00	1.991548e+00	9.070998e-01	9.070998e-01
2.100000e+00	2.200000e+00	1.131173e+01	7.313568e+00	7.313568e+00
2.200000e+00	2.300000e+00	1.227322e+00	7.367202e-01	7.367202e-01
2.300000e+00	2.400000e+00	9.887833e+00	4.527813e+00	4.527813e+00
2.400000e+00	2.500000e+00	8.827331e+00	6.957822e+00	6.957822e+00
2.500000e+00	2.600000e+00	0.000000e+00	0.000000e+00	0.000000e+00
2.600000e+00	2.700000e+00	2.444857e-01	2.444857e-01	2.444857e-01
# END HISTO1D

