  0.00000000000182676  0.00000000000196884  0.00000000000206589  0.00000000000216651
  0.00000000000226895  0.00000000000237212  0.00000000000247610  0.00000000000258075
  0.00000000000268528  0.00000000000279184  0.00000000000290236  0.00000000000301889
  0.00000000000313702  0.00000000000325580  0.00000000000337682  0.00000000000350076
  0.00000000000362663  0.00000000000375497  0.00000000000389055  0.00000000000403739
  0.00000000000419212  0.00000000000434988  0.00000000000451054  0.00000000000467561
  0.00000000000484562  0.00000000000501865  0.00000000000519574  0.00000000000538749
  0.00000000000559556  0.00000000000581082  0.00000000000603048  0.00000000000625812
  0.00000000000649452  0.00000000000674001  0.00000000000699167  0.00000000000724533
  0.00000000000754470  0.00000000000786660  0.00000000000819556  0.00000000000853721
  0.00000000000889311  0.00000000000925961  0.00000000000963278  0.00000000001004003
  0.00000000001050615  0.00000000001100997  0.00000000001152568  0.00000000001205726
  0.00000000001261244  0.00000000001318910  0.00000000001379874  0.00000000001448624
  0.00000000001523395  0.00000000001601034  0.00000000001683610  0.00000000001769346
  0.00000000001856976  0.00000000001953727  0.00000000002063904  0.00000000002174245
  0.00000000002288804  0.00000000002409198  0.00000000002535919  0.00000000002683267
  0.00000000002857707  0.00000000003032457  0.00000000003217553  0.00000000003418281
  0.00000000003648291  0.00000000003914869  0.00000000004196094  0.00000000004475837
  0.00000000004768228  0.00000000005107649  0.00000000005499707  0.00000000005919119
  0.00000000006373562  0.00000000006881281  0.00000000007497557  0.00000000008136332
  0.00000000008824056  0.00000000009636077  0.00000000010611904  0.00000000011588699
  0.00000000012752979  0.00000000014270505  0.00000000016066519  0.00000000018175784
  0.00000000021638612  0.00000000026312229  0.00000000030640436  0.00000000035764389
  0.00000000042403791  0.00000000051685679  0.00000000332062635  1.00000000000000000
 -0.00241323919195579  0.01022799392024247  0.02049147923155593  0.03148786902134063
  0.04216057251227681  0.05299196410458232  0.06381720871986790  0.07438441172019000
  0.08496718659677406  0.09522229502146871  0.10568700555968344  0.11612789266492249
  0.12665393852711171  0.13742181338018544  0.14796709877674935  0.15840662805376424
  0.16874105845340617  0.17914564689843629  0.18960208714737833  0.20031710908451897
  0.21127557459838872  0.22211986184083768  0.23295541319885732  0.24347483468140474
  0.25414050262539001  0.26461953405155403  0.27493229157498356  0.28498083648407341
  0.29484215984119400  0.30478525257466454  0.31494868545768862  0.32535834904947497
  0.33581525399585366  0.34669227894387755  0.35730001365107905  0.36815591534898351
  0.37888397222682557  0.38949694813704344  0.39978887839391286  0.40996628224176274
  0.42020815085464192  0.43052958341664949  0.44101867728235006  0.45183762684398443
  0.46241032251471392  0.47284532139573632  0.48334626332473773  0.49396001017784674
  0.50457449300237522  0.51491675637952694  0.52509238827401561  0.53532181238778276
  0.54561574607465291  0.55605776572723764  0.56655918097089919  0.57709588127210065
  0.58782364053562897  0.59829038358513520  0.60892731618330465  0.61954806667235518
  0.63020842423858370  0.64069299417708991  0.65122717574903577  0.66169980482748914
  0.67191921135031085  0.68199574429457321  0.69222401789060573  0.70266158375488208
  0.71298076501921370  0.72345561964284355  0.73404860693328744  0.74467771340413469
  0.75519433151113835  0.76563457156069648  0.77607124854394782  0.78664711923780284
  0.79720181245577049  0.80769964334184630  0.81810107530230591  0.82845646396346739
  0.83879841169422165  0.84915616322475429  0.85972859655832345  0.87002510349068229
  0.88060077346707388  0.89144479146933142  0.90239396078475176  0.91292528696185538
  0.92336136488951837  0.93393237486720027  0.94465396987914496  0.95531276828565381
  0.96620540349226347  0.97715605626505364  0.98847799806307124  1.00000000000000000
  0.50944475223787256  0.51449381790968507  0.51922205159085588  0.52407587759664764
  0.52924870774042121  0.53443434894599662  0.53975747167811450  0.54525015371830798
  0.55083362666088098  0.55624412970251547  0.56147298920495070  0.56668088261939564
  0.57190752246701460  0.57712441714309926  0.58232136451151428  0.58742389886650948
  0.59240907675708931  0.59730426944500248  0.60220112398887993  0.60712096528181003
  0.61208592992889022  0.61709032026928090  0.62210142506164523  0.62707466662842648
  0.63198714306628423  0.63688970750873619  0.64185466529611401  0.64685982293554034
  0.65187953974090451  0.65689366679489436  0.66189810036296526  0.66688993045067013
  0.67183290178968902  0.67677653132727544  0.68171116281364130  0.68661732103899886
  0.69150795460270453  0.69640178099051797  0.70131337103427349  0.70620396124681728
  0.71102445254078817  0.71578686417761395  0.72054936877067222  0.72536343981953855
  0.73022230557536771  0.73509378233406564  0.73996201958398433  0.74481130895282255
  0.74962628671431097  0.75433346502706033  0.75896469766908969  0.76362925138348792
  0.76836899903781541  0.77321489932608811  0.77811408971392249  0.78302997673027852
  0.78795315204406202  0.79279740975640600  0.79758821785449063  0.80237116694602673
  0.80717090922664869  0.81196041427704280  0.81673261442305256  0.82152452045709523
  0.82634257907761777  0.83110181674730987  0.83585575584279947  0.84047206080912751
  0.84513096068011873  0.84976372402099731  0.85447382092326696  0.85927946519708631
  0.86405438339063312  0.86885856991305055  0.87362669364436718  0.87851291464632197
  0.88341461990166503  0.88833559005594631  0.89331616116438906  0.89839236171074266
  0.90359977446523099  0.90876547016671150  0.91388690030347808  0.91904569321835938
  0.92426362221106839  0.92955973537394276  0.93495299130777876  0.94047993581633638
  0.94610921993078934  0.95178358950851705  0.95772142136794791  0.96415472508610345
  0.97106898907503814  0.97872130462391072  0.98830571700957648  1.00000000000000000
  0.18646213044023791  0.34280833975698888  0.36095858675621745  0.37151367124205942
  0.37929383328590766  0.38555238682405174  0.39120194664501629  0.39628780299057315
  0.40076584329562753  0.40489138308798195  0.40881270733617503  0.41252494226848002
  0.41604319720203803  0.41932146041933216  0.42239712470160495  0.42540984889890676
  0.42833023489062377  0.43120093244386459  0.43401317037004755  0.43678476423280621
  0.43944541997052300  0.44200912470629683  0.44453859945368873  0.44705169580899995
  0.44953711280710024  0.45199971474134409  0.45442476961234851  0.45680862177576198
  0.45913293609912481  0.46139952050461108  0.46362199590933045  0.46582540952349166
  0.46801862238921149  0.47019978032860471  0.47237464546147379  0.47454194616774364
  0.47669647884739952  0.47882843234699218  0.48093581276108271  0.48302376844028050
  0.48510020333610077  0.48717738155585211  0.48926663051353564  0.49137150326339163
  0.49347329336048573  0.49556676131278504  0.49764158501558314  0.49970366378093628
  0.50175365583478393  0.50379439281812821  0.50584040576805012  0.50791055745259062
  0.50999340419779005  0.51207622161931254  0.51416017282408988  0.51624827970351250
  0.51834253494025451  0.52044086082446328  0.52257054316612861  0.52473560717661627
  0.52692115423503438  0.52912318829095639  0.53133241219535854  0.53354391630710352
  0.53576967105903894  0.53801462666121125  0.54027879520135347  0.54259325705458372
  0.54497475520662020  0.54741141181889230  0.54984377232541626  0.55229173083492467
  0.55476019874627358  0.55728374642438461  0.55985680105514468  0.56249206800346274
  0.56528340062430082  0.56815825501535566  0.57107471869092707  0.57406208306286177
  0.57714735726984767  0.58030544367205139  0.58363985913710292  0.58723848733516015
  0.59103615830401113  0.59500667888904291  0.59919197962702131  0.60362849456827694
  0.60882085486180770  0.61458037079124272  0.62095804643214325  0.62910477995126457
  0.64023153018476098  0.66011133472368788  0.81027138858728487  1.00000000000000000
   1254.3638713503171       -1.0000000000000000     
 F T T F T T T T T T T T F T T F
