  0.00000000000307020  0.00000000000312481  0.00000000000318236  0.00000000000323958
  0.00000000000328714  0.00000000000340855  0.00000000000352994  0.00000000000365227
  0.00000000000377112  0.00000000000389131  0.00000000000401428  0.00000000000413973
  0.00000000000426815  0.00000000000439928  0.00000000000453609  0.00000000000467356
  0.00000000000482313  0.00000000000498181  0.00000000000514666  0.00000000000531656
  0.00000000000549053  0.00000000000566926  0.00000000000585150  0.00000000000603853
  0.00000000000623054  0.00000000000642790  0.00000000000662856  0.00000000000683356
  0.00000000000705940  0.00000000000731481  0.00000000000758501  0.00000000000785957
  0.00000000000813986  0.00000000000842905  0.00000000000872604  0.00000000000902814
  0.00000000000933889  0.00000000000965816  0.00000000000998348  0.00000000001034587
  0.00000000001077327  0.00000000001121578  0.00000000001166236  0.00000000001212318
  0.00000000001259599  0.00000000001308732  0.00000000001359870  0.00000000001412043
  0.00000000001464270  0.00000000001534723  0.00000000001611960  0.00000000001692139
  0.00000000001774054  0.00000000001857976  0.00000000001943321  0.00000000002030459
  0.00000000002119717  0.00000000002220947  0.00000000002347067  0.00000000002478381
  0.00000000002613836  0.00000000002756037  0.00000000002902335  0.00000000003048142
  0.00000000003216305  0.00000000003404411  0.00000000003601952  0.00000000003807885
  0.00000000004027668  0.00000000004258301  0.00000000004508086  0.00000000004791092
  0.00000000005116047  0.00000000005472479  0.00000000005860933  0.00000000006271469
  0.00000000006690667  0.00000000007185513  0.00000000007767332  0.00000000008422833
  0.00000000009125362  0.00000000009931563  0.00000000011028499  0.00000000012283148
  0.00000000013404437  0.00000000014625801  0.00000000016171339  0.00000000018026372
  0.00000000020488309  0.00000000024437995  0.00000000028172706  0.00000000032791366
  0.00000000043799438  0.00000000059677651  0.00000000317584539  1.00000000000000000
 -0.00215649289699206  0.00906364741807671  0.01835340101553809  0.02846322719185133
  0.03873387058973012  0.04949242775751733  0.05985836203570464  0.07013984499645477
  0.08028102583300560  0.09096514714420031  0.10175643930876724  0.11276225296297561
  0.12386551785441470  0.13490406893850726  0.14599787573087070  0.15675654307738104
  0.16762552377540657  0.17845746741711119  0.18931833602097967  0.19996807040438386
  0.21086040660931360  0.22211735373251876  0.23344899691528581  0.24475589948410037
  0.25568107596843420  0.26637752345038379  0.27678588867854464  0.28703485239711951
  0.29733735986863502  0.30767954042850160  0.31802474716106705  0.32825538154583755
  0.33818674111178515  0.34796594406689352  0.35769698404343175  0.36763949340078922
  0.37804621657256027  0.38886844125038011  0.40011882766638468  0.41151646212132303
  0.42233069556008940  0.43315372220213227  0.44389944767284334  0.45443020363463482
  0.46474474834013862  0.47479079460849521  0.48518747900456199  0.49594607819897690
  0.50722456151432604  0.51871085851340437  0.52967399936032955  0.54049404501045639
  0.55101779383725136  0.56144183717917551  0.57174669464478600  0.58207420460321346
  0.59222623362728166  0.60231530295330871  0.61210913776330667  0.62179666785441834
  0.63144855693529856  0.64117237156822904  0.65102650973759701  0.66132831456324970
  0.67149791696630567  0.68220356019302553  0.69305365984902223  0.70418966563035823
  0.71509761598257959  0.72614950511791099  0.73698676686380082  0.74774269783520275
  0.75803898689190474  0.76833021117157363  0.77897371383223923  0.78967590621220862
  0.80022003133396935  0.81049920785516993  0.82080615492078801  0.83131614017129474
  0.84197690737939346  0.85258597067657960  0.86338291740603601  0.87384385597272163
  0.88466954704785328  0.89542129659069181  0.90588298357953856  0.91623654320588377
  0.92665334597851223  0.93706715090295989  0.94724031132968600  0.95742521566543737
  0.96820022864613864  0.97880110063522907  0.98923479467496478  1.00000000000000000
  0.93747123030890966  0.93820794030940258  0.93891205158916680  0.93962885837559351
  0.94032989085099028  0.94101832001947128  0.94169240909920293  0.94236159658837459
  0.94302511189178129  0.94369227193649896  0.94436633134010595  0.94504220134763428
  0.94570269993240852  0.94635714763031520  0.94700976540883675  0.94765969194638100
  0.94830524437254715  0.94895025776681352  0.94960339377940439  0.95026593303186679
  0.95093661252067485  0.95159754446125377  0.95224301912309506  0.95288892404013759
  0.95353304358358859  0.95417959073378000  0.95480287926702856  0.95542691691800674
  0.95605042740714308  0.95669084142276095  0.95732744710008066  0.95796646506464489
  0.95861327394941376  0.95926799902275817  0.95991914304678438  0.96058679848746076
  0.96124388259201732  0.96188960729861606  0.96252103130821287  0.96315785640237261
  0.96380700147256648  0.96444990417295140  0.96509594017132994  0.96572676339147334
  0.96635839202226725  0.96698997221451488  0.96763013824431054  0.96826243978801108
  0.96887885117096828  0.96948908026856195  0.97009715432252208  0.97070821854472833
  0.97131882867283414  0.97192707591277439  0.97254004356706780  0.97315237761658946
  0.97376379261872625  0.97437234929153616  0.97498085942169077  0.97559251871618247
  0.97620419071880093  0.97681754368479523  0.97742717965137194  0.97803396086897265
  0.97864104289543374  0.97925638168714202  0.97989069411659080  0.98053273631310256
  0.98116931436362886  0.98180511938702864  0.98243431829759131  0.98306230025008601
  0.98367949065489357  0.98429056331548326  0.98490510739689863  0.98553152763751084
  0.98615724702315422  0.98678336732744354  0.98741188998758367  0.98805505769547042
  0.98870777606787341  0.98936124721662511  0.99001596638014600  0.99067312677486186
  0.99133459643878663  0.99199734767260939  0.99266541990859092  0.99334564503425404
  0.99403837464914913  0.99474231280423364  0.99546141485975514  0.99621025528073293
  0.99699595287202392  0.99783647032507261  0.99881093568358825  1.00000000000000000
  0.19369106830659277  0.33453622896154833  0.35364969273995689  0.36463251272349878
  0.37329480088534989  0.38004844527064163  0.38585743454688787  0.39129201257658203
  0.39624310910577215  0.40056125248788127  0.40462019390427528  0.40851384492816806
  0.41223595351121195  0.41574211661816385  0.41901342434531691  0.42209482608957904
  0.42518385861673114  0.42823145689420666  0.43117645040321378  0.43405464834939328
  0.43683104446399978  0.43948816277391534  0.44203727966176559  0.44457601134572755
  0.44708383452797740  0.44961044297970093  0.45210848986000435  0.45458550891772359
  0.45704890086162558  0.45944994674834883  0.46179603830157473  0.46414452274850343
  0.46643912169187041  0.46872991130078207  0.47098621708433963  0.47323661433171765
  0.47550510487767184  0.47774352138967807  0.47999744906579100  0.48225535620736187
  0.48451750320028941  0.48676910696360220  0.48899476246666240  0.49119150357351304
  0.49335496857848471  0.49550755079169773  0.49765240331514027  0.49979778524675966
  0.50192673888881001  0.50406072076857988  0.50619620735744597  0.50832310929655067
  0.51046449229037028  0.51262781707631788  0.51480596940468415  0.51700533479747279
  0.51921698642771075  0.52140103464361087  0.52361614833125270  0.52583746690153710
  0.52806560090507793  0.53032942125838667  0.53260778253995344  0.53492431599045664
  0.53726408904326395  0.53962860602407803  0.54202941116825332  0.54448113782866958
  0.54698596176557990  0.54952288167154739  0.55206131288244398  0.55458975660770604
  0.55713413362116093  0.55970308346845299  0.56237824316428420  0.56521004962283605
  0.56817131360032780  0.57113367904192380  0.57417634150709285  0.57722746101711242
  0.58033992484550756  0.58365628192942454  0.58722708718230610  0.59098908101817060
  0.59485012523631431  0.59881998988218255  0.60300636626604420  0.60775866832055825
  0.61317090467972246  0.61905764287518583  0.62592522399945105  0.63459802583979019
  0.64602992659939962  0.66612509973119416  0.80415005635882875  1.00000000000000000
   267.54679384615059       -1.0000000000000000     
 F T F F T T T T T T T T F F T F
