  0.00000000000300655  0.00000000000313397  0.00000000000326158  0.00000000000337209
  0.00000000000347741  0.00000000000358290  0.00000000000368911  0.00000000000379291
  0.00000000000390999  0.00000000000404230  0.00000000000417456  0.00000000000430893
  0.00000000000444685  0.00000000000458810  0.00000000000473216  0.00000000000487880
  0.00000000000502749  0.00000000000517877  0.00000000000533960  0.00000000000553046
  0.00000000000572665  0.00000000000592738  0.00000000000613225  0.00000000000634189
  0.00000000000655734  0.00000000000677865  0.00000000000700404  0.00000000000723319
  0.00000000000751936  0.00000000000781723  0.00000000000812355  0.00000000000843929
  0.00000000000876514  0.00000000000910022  0.00000000000944080  0.00000000000978195
  0.00000000001014467  0.00000000001060365  0.00000000001105202  0.00000000001151109
  0.00000000001198054  0.00000000001246414  0.00000000001295577  0.00000000001348292
  0.00000000001407934  0.00000000001474330  0.00000000001546609  0.00000000001619705
  0.00000000001694433  0.00000000001770687  0.00000000001851293  0.00000000001943273
  0.00000000002049546  0.00000000002160359  0.00000000002276980  0.00000000002400816
  0.00000000002523579  0.00000000002671964  0.00000000002837023  0.00000000003005387
  0.00000000003178983  0.00000000003355271  0.00000000003542553  0.00000000003762117
  0.00000000003996246  0.00000000004244992  0.00000000004504656  0.00000000004790923
  0.00000000005144248  0.00000000005531945  0.00000000005930988  0.00000000006317897
  0.00000000006700800  0.00000000007214058  0.00000000007758818  0.00000000008340172
  0.00000000009002243  0.00000000009840794  0.00000000010766351  0.00000000011687247
  0.00000000012690036  0.00000000013933480  0.00000000015332476  0.00000000016991422
  0.00000000019110312  0.00000000021366027  0.00000000023643386  0.00000000026233560
  0.00000000029209468  0.00000000032346444  0.00000000036662411  0.00000000042155802
  0.00000000049924024  0.00000000063793547  0.00000000796661175  1.00000000000000000
 -0.00243650387424691  0.01008013782965266  0.02083621228174366  0.03147138512212549
  0.04200680794215510  0.05203290535323554  0.06219686181147182  0.07216082618748207
  0.08247352537111349  0.09285434379799222  0.10324917743244208  0.11324317255755204
  0.12332326953263140  0.13350694775596714  0.14384994034496421  0.15383691672669364
  0.16404130581991766  0.17450010125460491  0.18508396237482660  0.19581147589910353
  0.20670779782475632  0.21750783949001234  0.22825914651578086  0.23902704560099008
  0.24981064300929615  0.26028077491214735  0.27054513773686051  0.28111277956623087
  0.29164132100983187  0.30212678734283227  0.31265295402315035  0.32304309121116026
  0.33360713821178883  0.34414973547924199  0.35468984793693625  0.36501263282191210
  0.37553005869892836  0.38595434062172829  0.39656508832875881  0.40706407558491431
  0.41774700785407809  0.42844944955815256  0.43915792876239140  0.44970112555785263
  0.46031977167721544  0.47101559769426443  0.48175098061666055  0.49218935020121635
  0.50267871523615315  0.51326810180541993  0.52385131909178428  0.53418636356832583
  0.54447255307710229  0.55462571726805243  0.56507766223711076  0.57575554500529258
  0.58655497663109990  0.59722353279633911  0.60767921443632966  0.61819378650077816
  0.62854818780120703  0.63890424776581356  0.64913429968756442  0.65940943925918882
  0.66966815237307808  0.68006392263717330  0.69036713858539367  0.70058636954465059
  0.71083683845517009  0.72122198927402070  0.73185009911891796  0.74255353102657828
  0.75303606080886887  0.76351415241221221  0.77412978904201757  0.78482750881682173
  0.79552504364971510  0.80589782709430091  0.81636713550615536  0.82689327494660314
  0.83738465876710100  0.84780377106705762  0.85841794737702881  0.86926562318902512
  0.88009017991380123  0.89049535259821888  0.90116873440536083  0.91245174181151656
  0.92366605947538927  0.93472313423912201  0.94572769589537820  0.95683644708821558
  0.96752541452733010  0.97823372715181656  0.98907716296258896  1.00000000000000000
  0.50988845474542188  0.51498035668569264  0.51959463745558598  0.52498006017778787
  0.53081967183418688  0.53656150502989619  0.54214112249633117  0.54761301454189004
  0.55300823072113758  0.55836835019235187  0.56372881011870934  0.56910894329173400
  0.57449632485734858  0.57982252304477933  0.58515216461093789  0.59055135088306898
  0.59593169841895566  0.60126443470072977  0.60659834384041345  0.61200062764308472
  0.61748923285513557  0.62298633872805842  0.62835507799053703  0.63357493220242544
  0.63879221711508771  0.64405015402814947  0.64921344192166108  0.65423117839068012
  0.65916205870963218  0.66407600442828840  0.66904059710548403  0.67406497698859702
  0.67905797231941789  0.68396340674378853  0.68880603551606512  0.69365683808372103
  0.69853231686149175  0.70343041073621060  0.70844455246306537  0.71368812003509496
  0.71897434757476542  0.72418675592925297  0.72928665590672703  0.73420786435498020
  0.73910238554761054  0.74404391476004428  0.74892986377389148  0.75374240568538453
  0.75851690234583735  0.76336071945310502  0.76827763348701661  0.77311336532775599
  0.77784147404796422  0.78259760072665263  0.78736984751592654  0.79219961709632214
  0.79708368047281120  0.80191643000553559  0.80673695449815819  0.81159808926343358
  0.81648938786605152  0.82134669441660990  0.82614286801174863  0.83087709402582455
  0.83563416637752974  0.84042151333719683  0.84521179552539549  0.84993345898068351
  0.85459582116475796  0.85926791940247083  0.86395621825134361  0.86870163488787722
  0.87335508764984704  0.87803423952468984  0.88270880070785673  0.88742088478055625
  0.89214406807290936  0.89687655997605187  0.90164673428742148  0.90640117573798840
  0.91115206138687754  0.91584567989572996  0.92070097446307664  0.92556480503955063
  0.93047842614327592  0.93546587538859105  0.94064321417441343  0.94600373900339108
  0.95139768571448913  0.95688319121867482  0.96257903873084316  0.96854768976202621
  0.97484890136825741  0.98181867409213319  0.99016622790150255  1.00000000000000000
  0.19270539677838752  0.33624863650461961  0.35453889634251962  0.36548969731857167
  0.37397671821853817  0.38059117022084077  0.38631861423161484  0.39166787385602514
  0.39653116686427436  0.40082106269902418  0.40486776091217991  0.40873942499727667
  0.41249329848338068  0.41608253105172904  0.41942836906658565  0.42259887059934848
  0.42571647718232036  0.42873453261296329  0.43168573519970421  0.43462336578450356
  0.43745698946703032  0.44017315459124301  0.44279975723606080  0.44538649739244141
  0.44793727833631791  0.45045046354067325  0.45294323266005593  0.45541979096511342
  0.45786513286353736  0.46026920754054829  0.46262507802496117  0.46496565027197267
  0.46727233365157922  0.46953872498943383  0.47180143810059877  0.47406144238817605
  0.47632053251161793  0.47857263132216937  0.48077823360822358  0.48294067123119616
  0.48508700083099349  0.48722259919118582  0.48935533226220634  0.49150176781155253
  0.49365846581144679  0.49580912970187380  0.49793628735653650  0.50005983521787967
  0.50218015439350006  0.50431576390791211  0.50647661075329120  0.50865104222589896
  0.51082632424969321  0.51300278192827831  0.51517997961389228  0.51734734532529203
  0.51951551415965191  0.52173764421709312  0.52398094750442903  0.52624264498512374
  0.52849746681593335  0.53076199432458238  0.53304156930307933  0.53533413050025047
  0.53764793499822994  0.53999035584788746  0.54237347938868563  0.54480990065353219
  0.54728384004133745  0.54977441311099717  0.55231937361239625  0.55490617432764588
  0.55752235702034436  0.56016804616587534  0.56291233920059025  0.56577290642116895
  0.56867310756798184  0.57161939638428771  0.57464191706820988  0.57776145915455135
  0.58091296918359292  0.58428516684070120  0.58787273953511787  0.59159280176203233
  0.59547156376125610  0.59953048568674006  0.60386606909840190  0.60880255215326706
  0.61413595641871122  0.61998211933072822  0.62687610039135633  0.63559750903691903
  0.64699904906957029  0.66795370837444079  0.80228601848020020  1.00000000000000000
   1522.7057569159956       -1.0000000000000000     
 F F F F T F F T T F F T F F F F
