  0.00000000000324833  0.00000000000328852  0.00000000000332059  0.00000000000335350
  0.00000000000338078  0.00000000000344448  0.00000000000354844  0.00000000000366615
  0.00000000000378626  0.00000000000390519  0.00000000000402688  0.00000000000415204
  0.00000000000427878  0.00000000000440658  0.00000000000453566  0.00000000000466791
  0.00000000000480434  0.00000000000494387  0.00000000000508647  0.00000000000522966
  0.00000000000538936  0.00000000000556230  0.00000000000576007  0.00000000000596348
  0.00000000000616803  0.00000000000637770  0.00000000000659342  0.00000000000681957
  0.00000000000705103  0.00000000000728662  0.00000000000752979  0.00000000000777778
  0.00000000000803184  0.00000000000829658  0.00000000000857353  0.00000000000890354
  0.00000000000928885  0.00000000000966913  0.00000000001005453  0.00000000001045158
  0.00000000001086672  0.00000000001129472  0.00000000001173894  0.00000000001219625
  0.00000000001266817  0.00000000001313849  0.00000000001365789  0.00000000001431226
  0.00000000001504526  0.00000000001577136  0.00000000001651453  0.00000000001727146
  0.00000000001804250  0.00000000001883983  0.00000000001968539  0.00000000002053316
  0.00000000002145746  0.00000000002257164  0.00000000002386723  0.00000000002523614
  0.00000000002662321  0.00000000002803758  0.00000000002948634  0.00000000003098152
  0.00000000003255814  0.00000000003425148  0.00000000003634583  0.00000000003887755
  0.00000000004137511  0.00000000004389094  0.00000000004645243  0.00000000004922348
  0.00000000005206476  0.00000000005566319  0.00000000006050846  0.00000000006617302
  0.00000000007213906  0.00000000007794381  0.00000000008397805  0.00000000009093402
  0.00000000010034871  0.00000000010925139  0.00000000011864030  0.00000000012841037
  0.00000000013987577  0.00000000015484121  0.00000000017153487  0.00000000018949117
  0.00000000020803495  0.00000000023064367  0.00000000026849784  0.00000000032427124
  0.00000000041078866  0.00000000051667119  0.00002711336823915  1.00000000000000000
 -0.00261896145160596  0.01003137604595829  0.02049622732381328  0.03086397086007070
  0.04130638372725443  0.05167775004576931  0.06204070809754631  0.07242389311307897
  0.08271074677660710  0.09290134680152612  0.10290832782906681  0.11317389184945494
  0.12351137637879236  0.13404701049627479  0.14436262197771363  0.15479051845145048
  0.16537476993109718  0.17611865009605523  0.18702164793458934  0.19751796810486713
  0.20790217577774828  0.21820058836013667  0.22877249186690662  0.23955149898882322
  0.25060952509819917  0.26198932853555251  0.27307446693749887  0.28353924291959448
  0.29391213998713744  0.30456396845535255  0.31512701175300412  0.32551340979165255
  0.33598965983141588  0.34672705957102329  0.35719192969332153  0.36725510362153585
  0.37725438147514767  0.38742194449725603  0.39783115181117562  0.40876529319467114
  0.42001319634415912  0.43126709164135574  0.44259419011057050  0.45391973648682737
  0.46475638925231255  0.47542543398431991  0.48587429842075952  0.49624388520220541
  0.50658595622544211  0.51700168619103148  0.52754143140799659  0.53815074523377815
  0.54892735347625088  0.55999187848382304  0.57115560547884370  0.58208242851133996
  0.59245806739798768  0.60263493663926315  0.61277123999723460  0.62287760285202809
  0.63298012760127453  0.64312249876315430  0.65345760173661771  0.66393782909974808
  0.67422031122069181  0.68468654333522594  0.69519746304939889  0.70559573118254615
  0.71578423334660379  0.72597209536871299  0.73612894555722397  0.74601231700233606
  0.75601193360540919  0.76601276931697815  0.77622631497294092  0.78643141714193743
  0.79697838552154587  0.80789788768871185  0.81893341694766120  0.83013162435028498
  0.84178440283140832  0.85340962904928475  0.86454993767077148  0.87536734770714975
  0.88543714105695992  0.89606597972136937  0.90639597196969168  0.91679967015169017
  0.92704958926270353  0.93712189851834249  0.94766856552970757  0.95813529897037553
  0.96874082105240089  0.97939104245686082  0.98976120806937551  1.00000000000000000
  0.93754692822543095  0.93862031717728323  0.93923606032080309  0.93987926286100631
  0.94054181297251926  0.94121694618943896  0.94190057935649640  0.94255453728893179
  0.94321321634130639  0.94386410533701515  0.94452044723483930  0.94517954103103585
  0.94584563189996651  0.94650413919516174  0.94715487240683371  0.94780050521497683
  0.94844717273944701  0.94908484882052779  0.94971647036174023  0.95034377613007992
  0.95097167972195895  0.95160117270122446  0.95222988614156256  0.95286137161140660
  0.95349054162522040  0.95412010295043859  0.95474877153474180  0.95537224421770472
  0.95600226036753977  0.95664218029917425  0.95729060672849953  0.95792957272494594
  0.95855556018949517  0.95918620427723889  0.95980595209761244  0.96042651661470513
  0.96106262554351862  0.96171727429920162  0.96237465994012228  0.96302342842677402
  0.96365353342654470  0.96428011206564479  0.96489779344484061  0.96551697955632043
  0.96613335440280612  0.96675084024232860  0.96737599613272229  0.96800491178279668
  0.96864036987998126  0.96926996453812286  0.96989417415137580  0.97051453310409741
  0.97113021832956614  0.97174202913520047  0.97234779982578556  0.97295008517064163
  0.97355390001799302  0.97415857239191472  0.97475926570036475  0.97536067878419741
  0.97597167889744141  0.97659136771762767  0.97720952645080950  0.97779740453334374
  0.97838081997573056  0.97896881385652834  0.97958860285439087  0.98021522674809081
  0.98084119099249756  0.98145715610900874  0.98208073154915199  0.98272209899004159
  0.98338135396325455  0.98403584730000471  0.98468576157354237  0.98532578404041316
  0.98596364596711528  0.98659838843364800  0.98723994417687255  0.98789164210979996
  0.98854139101864602  0.98918744760950494  0.98983531940826963  0.99048917529506697
  0.99115207843720743  0.99182521306453064  0.99251041572302290  0.99320095425252908
  0.99389373856497798  0.99460780666851523  0.99536187599777592  0.99615595921401401
  0.99696972110265203  0.99781636715340560  0.99880207070717297  1.00000000000000000
  0.19243743843416777  0.33649612564439108  0.35437478631493069  0.36520680406692296
  0.37378290955537852  0.38061397130189273  0.38637343578918426  0.39154817098564670
  0.39617113779061508  0.40036555081082109  0.40432522993314829  0.40819479099231770
  0.41189915892109946  0.41546924152607123  0.41882818357239554  0.42191577674541242
  0.42495739889957562  0.42791451847302975  0.43084843606955481  0.43371056988721457
  0.43651545569040501  0.43923898523283389  0.44187693158948904  0.44447141666057749
  0.44699803202173166  0.44948124911023252  0.45194829364748690  0.45442558457778465
  0.45686827081355913  0.45923478776074644  0.46157156516988673  0.46391277170447903
  0.46625213238577967  0.46858311786828166  0.47089264800679215  0.47315525110269441
  0.47542192684517715  0.47767137288171646  0.47986995567604296  0.48205503111760956
  0.48422287807540015  0.48638597755549201  0.48853568719091361  0.49067564234779804
  0.49281668359712000  0.49496229119455898  0.49710688074754933  0.49924677286886937
  0.50138794052697799  0.50351981758982522  0.50568099616584017  0.50784098033528713
  0.51001626904551345  0.51218860720782677  0.51437687901964413  0.51659139814193022
  0.51883290317719066  0.52108433340730864  0.52332941720993165  0.52556915093527778
  0.52778586081916090  0.52999871935190490  0.53229410588721870  0.53460880108057007
  0.53692839769939171  0.53925037479924220  0.54159422681366354  0.54402668083384187
  0.54650443550641403  0.54899109336079577  0.55151001153333667  0.55407775823053207
  0.55669534033191692  0.55938303699972369  0.56209902651705346  0.56493088380893575
  0.56783348390456256  0.57082653258814331  0.57387663691331736  0.57705458597989523
  0.58028176307259405  0.58369839528500200  0.58734337051436081  0.59113849180779121
  0.59504231806778662  0.59906537562271645  0.60328872167124636  0.60823507758793538
  0.61368877341675410  0.61966003609391562  0.62664642429839934  0.63556979620677356
  0.64699687286789598  0.66632473938011838  0.80130110560837031  1.00000000000000000
   2395.4141606093303       -1.0000000000000000     
 F T F F T T T T T T T T F F T F
