  0.00000000000306414  0.00000000000318526  0.00000000000328860  0.00000000000339325
  0.00000000000349890  0.00000000000360510  0.00000000000370961  0.00000000000381271
  0.00000000000392271  0.00000000000405042  0.00000000000418097  0.00000000000431406
  0.00000000000444987  0.00000000000458865  0.00000000000473052  0.00000000000487528
  0.00000000000502304  0.00000000000517477  0.00000000000533125  0.00000000000551729
  0.00000000000571164  0.00000000000590684  0.00000000000610912  0.00000000000631812
  0.00000000000653361  0.00000000000675577  0.00000000000698026  0.00000000000721631
  0.00000000000749446  0.00000000000779089  0.00000000000810162  0.00000000000841851
  0.00000000000874392  0.00000000000907707  0.00000000000941866  0.00000000000976035
  0.00000000001015774  0.00000000001060213  0.00000000001106096  0.00000000001153331
  0.00000000001202329  0.00000000001253309  0.00000000001303889  0.00000000001356337
  0.00000000001413342  0.00000000001480708  0.00000000001549841  0.00000000001620625
  0.00000000001693700  0.00000000001769526  0.00000000001844495  0.00000000001937238
  0.00000000002036978  0.00000000002139408  0.00000000002245632  0.00000000002358165
  0.00000000002473163  0.00000000002602552  0.00000000002743267  0.00000000002893256
  0.00000000003046937  0.00000000003208544  0.00000000003370986  0.00000000003547352
  0.00000000003753122  0.00000000003981471  0.00000000004219726  0.00000000004467591
  0.00000000004720974  0.00000000005036698  0.00000000005398333  0.00000000005773823
  0.00000000006147132  0.00000000006554116  0.00000000007075794  0.00000000007707921
  0.00000000008389865  0.00000000009089462  0.00000000009895174  0.00000000010692351
  0.00000000011537477  0.00000000012663685  0.00000000014078988  0.00000000015549145
  0.00000000017335450  0.00000000019723268  0.00000000022121020  0.00000000024663808
  0.00000000028514312  0.00000000033224299  0.00000000040377024  0.00000000050274683
  0.00000000057405645  0.00000000075980249  0.00000000781167828  1.00000000000000000
 -0.00234573259422937  0.00964774247046133  0.02002166958555640  0.03008666067505773
  0.04052341519222252  0.05098194729990099  0.06146310844632114  0.07172295214770476
  0.08178320404390164  0.09223944555722220  0.10266297530662100  0.11292758154772388
  0.12312522289610488  0.13314968721586595  0.14339215351099743  0.15350335596696321
  0.16352688440894123  0.17350687282737648  0.18382417007335175  0.19408281449543088
  0.20450028766511297  0.21503829292437970  0.22600922445851504  0.23685260363621802
  0.24743237611576405  0.25776821106873404  0.26828345230133760  0.27876571023984859
  0.28929960785781178  0.29955780185451097  0.30986859733616251  0.32042313504612835
  0.33135219235945335  0.34240591894082123  0.35363959747175633  0.36444091232588571
  0.37514969991680730  0.38569790324672576  0.39624956738594469  0.40688318080501468
  0.41752551379525998  0.42833168091938806  0.43884232236246951  0.44916767027918231
  0.45952273894637874  0.47030545480961022  0.48087103274964460  0.49180171871486145
  0.50267064718658838  0.51361849681563254  0.52428547653133561  0.53469999941332824
  0.54503865949094776  0.55534032579181647  0.56548714306927073  0.57525979656372817
  0.58499297436392306  0.59482213572796849  0.60483486092198346  0.61503394724111571
  0.62539738661568822  0.63601696183128797  0.64680210197659671  0.65776347108725364
  0.66878067892554960  0.67937290917177284  0.69001048204145365  0.70048389173771575
  0.71096318117611024  0.72115052422012360  0.73144056651736866  0.74183522696637738
  0.75230693353305156  0.76291915087647877  0.77359128425642210  0.78444744644369357
  0.79533474562239936  0.80626931827806014  0.81689183782017805  0.82738797818631216
  0.83795191148734549  0.84866324506063440  0.85921288155488240  0.86960424611459997
  0.87989749853442789  0.89040470544402506  0.90097422488052015  0.91174184514647150
  0.92243553826108737  0.93341166563478528  0.94443753728578095  0.95538652332316853
  0.96643150794970656  0.97741824868473326  0.98874402375934423  1.00000000000000000
  0.51019282685516787  0.51378972821357927  0.51762242287517635  0.52207627873885598
  0.52762234464093571  0.53323693827159246  0.53870784639313396  0.54405455351709875
  0.54927348985154012  0.55446508307801257  0.55976101047494953  0.56518916094520510
  0.57075142636525722  0.57626780584291004  0.58178127694041237  0.58727640852251506
  0.59274754689783971  0.59823206486988667  0.60374395899131728  0.60919640391802632
  0.61460798631866065  0.61998253099067668  0.62540114469498564  0.63076502664565814
  0.63610089650698431  0.64139423888910152  0.64668185290781821  0.65196466012648713
  0.65708178638621373  0.66216302754763345  0.66721931673069335  0.67228746543497564
  0.67730861924130470  0.68225922293806363  0.68725448003938772  0.69232250885565405
  0.69737838018499509  0.70249251661060808  0.70755021624815140  0.71266174477782385
  0.71766350646809096  0.72264129988452352  0.72767390600743553  0.73267340508921963
  0.73778937333239880  0.74284796465848690  0.74786489957418767  0.75278686328366884
  0.75769187049733322  0.76265120834000355  0.76764509008894399  0.77245944480807482
  0.77708851371485288  0.78169182016059691  0.78635969536824502  0.79122113949240025
  0.79617149159143352  0.80113206317945185  0.80596861715697532  0.81069782136958646
  0.81541489457468719  0.82016104895051034  0.82488438086096583  0.82953321166457661
  0.83419561863784530  0.83899048148609079  0.84388347677880526  0.84878251361045753
  0.85365694601327946  0.85850188191409338  0.86339091008802926  0.86833656917262814
  0.87334913390230273  0.87828824271432027  0.88315108069107517  0.88797377777849984
  0.89279631194256692  0.89758911351586135  0.90239352909574466  0.90718241851599790
  0.91197615480466165  0.91688956668201926  0.92188624792123308  0.92687928304157507
  0.93184252294606595  0.93689152543733911  0.94210779259475441  0.94743904556780723
  0.95283894354144660  0.95837934506596811  0.96416175867096732  0.97013062084049917
  0.97632613746626928  0.98299604452750933  0.99075287458246653  1.00000000000000000
  0.19188981369641547  0.33576288939852322  0.35484864047619957  0.36575106679055563
  0.37433543324282925  0.38103747391042364  0.38680288418424336  0.39206371782790356
  0.39683923838090490  0.40108404304325007  0.40509208677978686  0.40895985870027246
  0.41270912072321342  0.41631292489673977  0.41964037538924470  0.42275186715657626
  0.42578918655780190  0.42877066336163711  0.43166420310481268  0.43450125724113042
  0.43728506627071878  0.43995404629304558  0.44257178433476230  0.44515956494214404
  0.44770796105288602  0.45021563036267470  0.45270256092730704  0.45516617302621676
  0.45762314579952096  0.46006269509745995  0.46247125986425142  0.46485624320933577
  0.46719495438089481  0.46947473782013588  0.47173472871595712  0.47398809486122190
  0.47626154938102461  0.47852416981289675  0.48075560830182407  0.48298257690945023
  0.48518988338060531  0.48738127217246763  0.48955687774841616  0.49170532539682565
  0.49384296364775482  0.49600874814060397  0.49822220177252785  0.50046728197670143
  0.50270885226886852  0.50492111388625072  0.50710145584297994  0.50927690660235714
  0.51146428353804896  0.51365975531989116  0.51586430842062614  0.51807510160551018
  0.52029132301088310  0.52252427368733168  0.52478107013286290  0.52703784896167905
  0.52930894649972438  0.53157540182629026  0.53388718280218994  0.53624578304310688
  0.53857900523160085  0.54091000302073178  0.54326859898451840  0.54567046725718671
  0.54810882059072008  0.55056736135728290  0.55304836392891887  0.55555278387333740
  0.55806660157805377  0.56063160518402977  0.56332585876595320  0.56616991816824114
  0.56915056463793356  0.57213638739578609  0.57518602292682897  0.57826508808608146
  0.58139018888367244  0.58477451356731613  0.58842772123961706  0.59221089236991864
  0.59616433563691251  0.60030741546148270  0.60483322707402720  0.60995309740441661
  0.61548886525264423  0.62155303294140285  0.62890227918567987  0.63797788081830198
  0.65032223192967464  0.67571522076803736  0.80474655807800821  1.00000000000000000
   4288.3414901255828       -1.0000000000000000     
 F F F F T F F T T F F T F F F F
