  0.00000000000009358  0.00000000000056488  0.00000000000128522  0.00000000000206319
  0.00000000000281512  0.00000000000353198  0.00000000000425132  0.00000000000492733
  0.00000000000562509  0.00000000000632353  0.00000000000705670  0.00000000000780786
  0.00000000000856891  0.00000000000934764  0.00000000001013678  0.00000000001092827
  0.00000000001169985  0.00000000001244105  0.00000000001321554  0.00000000001399569
  0.00000000001478564  0.00000000001558640  0.00000000001640319  0.00000000001728552
  0.00000000001821162  0.00000000001915925  0.00000000002012090  0.00000000002109074
  0.00000000002205449  0.00000000002311965  0.00000000002431768  0.00000000002551963
  0.00000000002675112  0.00000000002800944  0.00000000002928570  0.00000000003059746
  0.00000000003200592  0.00000000003346534  0.00000000003496146  0.00000000003650679
  0.00000000003805490  0.00000000003961383  0.00000000004132884  0.00000000004315553
  0.00000000004501193  0.00000000004689812  0.00000000004887500  0.00000000005089419
  0.00000000005301256  0.00000000005538722  0.00000000005792953  0.00000000006054079
  0.00000000006323402  0.00000000006599762  0.00000000006890245  0.00000000007201723
  0.00000000007548967  0.00000000007918998  0.00000000008288842  0.00000000008672386
  0.00000000009062314  0.00000000009475743  0.00000000009945894  0.00000000010466537
  0.00000000011001316  0.00000000011544995  0.00000000012105218  0.00000000012705831
  0.00000000013410041  0.00000000014162973  0.00000000014950527  0.00000000015794518
  0.00000000016699995  0.00000000017737490  0.00000000018858300  0.00000000019975002
  0.00000000021128137  0.00000000022449964  0.00000000024072044  0.00000000025856759
  0.00000000027548822  0.00000000029236220  0.00000000031246388  0.00000000033817430
  0.00000000036591877  0.00000000039324294  0.00000000042761139  0.00000000047059108
  0.00000000051548621  0.00000000056986747  0.00000000062567466  0.00000000069266950
  0.00000000079457353  0.00000000092185826  0.00000000923433454  1.00000000000000000
 -0.00217299984005228  0.00955012469148117  0.01951305087496727  0.02980414756380032
  0.04019391371428931  0.05087249551285342  0.06128302821272291  0.07119843465020501
  0.08111375451299355  0.09106873100310743  0.10077200877288237  0.11038784451219498
  0.12005602849559933  0.12995550663864794  0.14007623720067375  0.15037142252131369
  0.16118122085146630  0.17176101464819171  0.18254586780113721  0.19296158419680087
  0.20344893076706930  0.21383921565106534  0.22448726161068558  0.23515759158820884
  0.24535000482316816  0.25574318032932419  0.26612643446721490  0.27743492521384938
  0.28851087473362613  0.29969728298009451  0.31067811333718670  0.32127102039140809
  0.33208171724062291  0.34184907618483379  0.35175912833683720  0.36247208109585466
  0.37352246656090615  0.38447775969619191  0.39519469118372219  0.40603631282808678
  0.41697327474310697  0.42809897056007312  0.43958362424945824  0.45079308743495650
  0.46219667140726683  0.47337809358556915  0.48451613504607360  0.49529784847466185
  0.50614723125762284  0.51683620673023389  0.52768743965857157  0.53809085909500121
  0.54845430053937971  0.55875949810239056  0.56940489828194174  0.57999553396207881
  0.59008916938408706  0.60021788761445971  0.61033966833987141  0.62047151057013505
  0.63083121585480695  0.64144585127817555  0.65212923117023858  0.66274133653118528
  0.67342239943500892  0.68402516249130518  0.69425260259283617  0.70424855798580366
  0.71442991525506372  0.72486065120307785  0.73514198435823064  0.74542933107323051
  0.75569210852492863  0.76613576764795910  0.77635506572641444  0.78662875434966173
  0.79711266945253800  0.80768263670517015  0.81777861731158308  0.82771385775379658
  0.83787835954997780  0.84850943584229788  0.85913116221348396  0.86976156427343998
  0.88041872617471040  0.89140143026564778  0.90251593467917945  0.91357738575646463
  0.92412230922154759  0.93447402500422350  0.94520099031179150  0.95611816291418006
  0.96701621044382324  0.97770960720725442  0.98891997546704036  1.00000000000000000
 -0.00526338561406218  0.02737760338172615  0.05033427518154252  0.06987457050327883
  0.08741537166118868  0.10355350409440893  0.11855983304550874  0.13331071174460679
  0.14747128197248555  0.16047447157499664  0.17306377875529580  0.18551016981957227
  0.19733171131048205  0.20873799903200624  0.22048971771641684  0.23209942659640928
  0.24317920018581521  0.25403649397189904  0.26494759988839417  0.27563840097184555
  0.28590360656813640  0.29607805451005176  0.30624847655703757  0.31626806274980040
  0.32610732122310110  0.33564223820481748  0.34476405033855928  0.35373515792963756
  0.36263869030854545  0.37137384434712367  0.38004498728509573  0.38886835750018706
  0.39775793382141966  0.40690777744740736  0.41592848067543781  0.42493280353393736
  0.43368515186897533  0.44225374284449204  0.45058424403888120  0.45895860274043004
  0.46777767464443148  0.47666981838692085  0.48565600261901087  0.49457889196414556
  0.50336181774199984  0.51189473401047403  0.52025407297620585  0.52843985149640182
  0.53649900538375606  0.54458271326816921  0.55276150530780754  0.56106797351042381
  0.56946613556871573  0.57771629958168347  0.58575066882935478  0.59360625866811012
  0.60136096094494074  0.60933427658244876  0.61740548102199311  0.62547765859611704
  0.63354087236706147  0.64145754030283830  0.64942266100229518  0.65740158847530838
  0.66553785726549464  0.67330292313054196  0.68113788868304748  0.68910124743388834
  0.69718761946330920  0.70540982629141435  0.71367693998657611  0.72204318414735069
  0.73044436146068492  0.73888008613190670  0.74737108211228453  0.75601579280835085
  0.76482600389597610  0.77379552159381348  0.78304874547476833  0.79255284947549909
  0.80224073214683134  0.81202976353267886  0.82183134927779355  0.83178548851351386
  0.84208794915121110  0.85283907309678009  0.86385203039025138  0.87522093231804310
  0.88648457059662245  0.89839232382336898  0.91068518334553528  0.92308831702754501
  0.93592313655579207  0.95083397169018469  0.97083312592202042  1.00000000000000000
  0.20499082968873827  0.35341137495301833  0.37097203739053863  0.38158397049118437
  0.38925328786210062  0.39567974668448108  0.40077231589343415  0.40542849147846272
  0.40984083245717862  0.41398249672626403  0.41775872396063723  0.42107167392072264
  0.42422289381584266  0.42725185882149780  0.43016893353148478  0.43299696697427220
  0.43577024593463853  0.43847139922690548  0.44098839585473826  0.44348015729997547
  0.44596216159609414  0.44840084392837504  0.45078311577221286  0.45309596030126831
  0.45536229953461210  0.45757371848489586  0.45970646377620727  0.46177903059265801
  0.46382166513727963  0.46584003032779553  0.46783769017784621  0.46983179366813121
  0.47184205391942041  0.47389875294955852  0.47593946504488138  0.47795426361795457
  0.47989408629295810  0.48173963596534342  0.48358666897780717  0.48545949979168340
  0.48733557989779419  0.48919877601071166  0.49105117648563956  0.49289910735210091
  0.49475041223038640  0.49663277760936103  0.49852756121928554  0.50041621299569827
  0.50227805473302611  0.50414789931697335  0.50600865653784632  0.50786851090945040
  0.50972651177722350  0.51158436133461993  0.51345294129473396  0.51532714391671930
  0.51718849469379558  0.51903857677633514  0.52091106869417569  0.52284246127117573
  0.52479449364890252  0.52678604956500164  0.52879659007936852  0.53082023168091752
  0.53283844878895370  0.53485277234044959  0.53689092356632362  0.53896013767421291
  0.54106691562309539  0.54329546774064641  0.54556698987149876  0.54785388073049068
  0.55015105473629033  0.55241295924196099  0.55474033796280986  0.55713502913705337
  0.55958268440347714  0.56213379978387579  0.56484773774466790  0.56768028060029241
  0.57061070519012913  0.57366061751321495  0.57680301103921228  0.57995053767775995
  0.58327766099017542  0.58698212697910579  0.59106849668513872  0.59548330920236747
  0.60025609365916688  0.60583391740503478  0.61268237565193739  0.62067547759600494
  0.63185347069614117  0.65125002281366040  0.79145926598354643  1.00000000000000000
   21.330672545685356       -1.0000000000000000     
 F T T F T T T T T T T T F T T F
