  0.00000000000314357  0.00000000000318249  0.00000000000321643  0.00000000000324923
  0.00000000000328629  0.00000000000335858  0.00000000000347348  0.00000000000358758
  0.00000000000369609  0.00000000000380552  0.00000000000391481  0.00000000000402552
  0.00000000000413971  0.00000000000425628  0.00000000000437556  0.00000000000449734
  0.00000000000461895  0.00000000000474461  0.00000000000489465  0.00000000000505596
  0.00000000000522286  0.00000000000539459  0.00000000000557091  0.00000000000575132
  0.00000000000593593  0.00000000000612548  0.00000000000631965  0.00000000000651829
  0.00000000000671889  0.00000000000692439  0.00000000000717271  0.00000000000744126
  0.00000000000771843  0.00000000000800330  0.00000000000829504  0.00000000000859589
  0.00000000000890329  0.00000000000921623  0.00000000000953848  0.00000000000985985
  0.00000000001021651  0.00000000001063947  0.00000000001109478  0.00000000001155755
  0.00000000001203188  0.00000000001252083  0.00000000001302817  0.00000000001355445
  0.00000000001409417  0.00000000001464442  0.00000000001528052  0.00000000001600615
  0.00000000001676785  0.00000000001756488  0.00000000001839461  0.00000000001925626
  0.00000000002016913  0.00000000002110298  0.00000000002215109  0.00000000002334746
  0.00000000002460749  0.00000000002588221  0.00000000002728699  0.00000000002875051
  0.00000000003024704  0.00000000003190635  0.00000000003375195  0.00000000003589297
  0.00000000003805246  0.00000000004041699  0.00000000004283178  0.00000000004544684
  0.00000000004855779  0.00000000005233066  0.00000000005613964  0.00000000006007074
  0.00000000006391464  0.00000000006858320  0.00000000007380771  0.00000000007981935
  0.00000000008626997  0.00000000009321786  0.00000000009982146  0.00000000010898579
  0.00000000011863344  0.00000000013058574  0.00000000014515932  0.00000000016604843
  0.00000000018980558  0.00000000021696586  0.00000000024945057  0.00000000028324289
  0.00000000033174561  0.00000000039340868  0.00000000349712127  1.00000000000000000
 -0.00260193915651678  0.01007965131412235  0.02050510551442433  0.03153785709408530
  0.04235037819699109  0.05315376420488746  0.06424423970519999  0.07579669121153736
  0.08690361913198723  0.09774989698097354  0.10878836903939150  0.11989043913619096
  0.13090308080746751  0.14180601304466040  0.15292248685139509  0.16420433448730462
  0.17542471714247931  0.18619233539285696  0.19663195803129513  0.20731063008624270
  0.21836785426579719  0.22945827225645329  0.24007911942373769  0.25057595845567066
  0.26091129272735780  0.27128274973982608  0.28150821443571244  0.29189337737355242
  0.30251913842099515  0.31303394569591653  0.32342287824473037  0.33361829644320878
  0.34379675256617681  0.35382897874562008  0.36362508313057573  0.37333132150686515
  0.38289420946027219  0.39241370518113694  0.40220605301810342  0.41212487793454056
  0.42210906937875592  0.43219998587219483  0.44246236913178594  0.45299843873914897
  0.46315581650649840  0.47329926236397885  0.48350427090266201  0.49402594606174521
  0.50466449497053889  0.51523117499258209  0.52557494319830433  0.53573863298232061
  0.54620995107859238  0.55655377898022407  0.56683861268658875  0.57696600902525008
  0.58713241762714818  0.59772760678745329  0.60814305782012612  0.61868720672569844
  0.62933188875874091  0.63982027674304043  0.64998172848571889  0.65980996404985148
  0.66969518928197680  0.67968443495345465  0.68980338088100768  0.70018309340613893
  0.71081124174388377  0.72144784558295216  0.73227747477521221  0.74328036021926724
  0.75435212301145449  0.76498552840930478  0.77528084794688168  0.78516321954305779
  0.79521454296882166  0.80544204123532492  0.81589447909274282  0.82659509527072250
  0.83733503968404865  0.84797484381855814  0.85878671451172328  0.86944312153314673
  0.88000061027632559  0.89046284886854432  0.90115697601826772  0.91298744150442868
  0.92426940774543020  0.93582208004855261  0.94667159154622327  0.95791073470136257
  0.96849993131492440  0.97931663022171367  0.98966999764050378  1.00000000000000000
  0.93733160580287267  0.93863072504246714  0.93931160090204524  0.93996691582664493
  0.94062687379679455  0.94129150116199345  0.94197629012400230  0.94265379764490254
  0.94330406175266723  0.94393016668613738  0.94456029064500391  0.94520163952832426
  0.94584988528081038  0.94649942620252703  0.94715848011867354  0.94781877517233382
  0.94847700094167964  0.94913399653013220  0.94979695407518094  0.95045601856011541
  0.95110180149875778  0.95173943385268278  0.95237113481344104  0.95299758197835693
  0.95361925152876703  0.95424095010019516  0.95486574254339396  0.95549142740320236
  0.95611725508765233  0.95674278868172380  0.95737041262451972  0.95798818150418652
  0.95860646258718818  0.95923639528445126  0.95987606818703508  0.96052208077067613
  0.96116345033756401  0.96179384685880742  0.96242744844703376  0.96305973203957596
  0.96369399978492565  0.96431997194852703  0.96493034260985566  0.96554079178702223
  0.96615364737917653  0.96677899043578297  0.96741127336882593  0.96804218389889873
  0.96866783117847099  0.96928518879787851  0.96989570077001308  0.97050195417243712
  0.97110539390413597  0.97171138049157590  0.97232763164209124  0.97294543719393134
  0.97355847641464455  0.97417155425489166  0.97479043689132994  0.97541681212489684
  0.97604471952702943  0.97666752377434507  0.97727762238367855  0.97787383462212585
  0.97845641875505751  0.97903775245400104  0.97963534013876619  0.98024691423099342
  0.98086738965404507  0.98149374773339904  0.98211431109866665  0.98273789438222336
  0.98336163059182580  0.98400237651947753  0.98464466493963965  0.98529142242477963
  0.98593453449080681  0.98657791546352036  0.98721687005914971  0.98785493265997126
  0.98849796854437244  0.98914775531164523  0.98980451574202588  0.99046284647565352
  0.99113078926417231  0.99181859698464492  0.99252699607872430  0.99324763626340473
  0.99397280223887130  0.99470408429922741  0.99543882467830513  0.99618180845091908
  0.99696385194956150  0.99781464073320814  0.99880697156863840  1.00000000000000000
  0.19533814090579560  0.33582712816309424  0.35433398937986110  0.36524811655354167
  0.37373069014614607  0.38043125634244906  0.38627058675805631  0.39179147548457816
  0.39671472343887065  0.40102110782011408  0.40500866851248801  0.40883714533649795
  0.41249985320069049  0.41601766016692981  0.41931333175383695  0.42240505005070378
  0.42543809495388557  0.42839618721352701  0.43122300684878240  0.43406282732516993
  0.43685795732010307  0.43955131425873251  0.44217498339462080  0.44474642054314251
  0.44728952790699211  0.44981174287050407  0.45231101500894494  0.45480481459476862
  0.45728533791782183  0.45973092833009110  0.46214487765824352  0.46452620667060912
  0.46686900016772287  0.46920083924481926  0.47151924194687972  0.47380612350799339
  0.47605226632414849  0.47827183278764862  0.48046922067163222  0.48266123870070810
  0.48485248396248593  0.48704216287424995  0.48921811699497209  0.49136848749398904
  0.49350884766756958  0.49567140309584512  0.49784152313184288  0.50000939581950965
  0.50217062749212271  0.50431700460829287  0.50647274765250749  0.50865217808558283
  0.51084401150617009  0.51302127648947715  0.51518351666175866  0.51733784702238861
  0.51947853585381509  0.52162008644627977  0.52380563187990958  0.52602276003530679
  0.52827059896956663  0.53055712413258671  0.53288255807567120  0.53517713980033155
  0.53747593315345776  0.53976813479873997  0.54211034013300030  0.54454259965716767
  0.54702577733055380  0.54955138521348135  0.55213238768599326  0.55473917592068289
  0.55740002736761574  0.56005438810919583  0.56279025222676293  0.56561606406522846
  0.56854390789237330  0.57154193389891073  0.57461788831203409  0.57771457301440732
  0.58082227279378706  0.58414153512443667  0.58769189835203772  0.59142731702894069
  0.59530317339121530  0.59933042836005768  0.60357893530297968  0.60848180265255603
  0.61394583966093841  0.62001742086514078  0.62711840240713757  0.63595284532872709
  0.64752970644751717  0.66893374135273109  0.80408073753828224  1.00000000000000000
   270.55476772234550       -1.0000000000000000     
 F T F F T T T T T T T T F F T F
