  0.00000000000301446  0.00000000000316838  0.00000000000328088  0.00000000000337026
  0.00000000000347405  0.00000000000357750  0.00000000000368027  0.00000000000378254
  0.00000000000388680  0.00000000000401538  0.00000000000414505  0.00000000000427451
  0.00000000000440625  0.00000000000454050  0.00000000000467702  0.00000000000481683
  0.00000000000496039  0.00000000000510642  0.00000000000525846  0.00000000000541990
  0.00000000000561837  0.00000000000581597  0.00000000000601638  0.00000000000622121
  0.00000000000642915  0.00000000000664202  0.00000000000686033  0.00000000000707905
  0.00000000000732495  0.00000000000761388  0.00000000000791213  0.00000000000821759
  0.00000000000852842  0.00000000000884841  0.00000000000917634  0.00000000000951478
  0.00000000000984694  0.00000000001026664  0.00000000001070805  0.00000000001116185
  0.00000000001162224  0.00000000001209333  0.00000000001257929  0.00000000001308389
  0.00000000001362077  0.00000000001422425  0.00000000001488803  0.00000000001557372
  0.00000000001628107  0.00000000001701521  0.00000000001776526  0.00000000001854434
  0.00000000001944436  0.00000000002044985  0.00000000002148638  0.00000000002254574
  0.00000000002362028  0.00000000002471169  0.00000000002593475  0.00000000002739318
  0.00000000002896332  0.00000000003061033  0.00000000003232708  0.00000000003405113
  0.00000000003590582  0.00000000003808240  0.00000000004041104  0.00000000004289820
  0.00000000004555972  0.00000000004844066  0.00000000005171261  0.00000000005520230
  0.00000000005867764  0.00000000006216416  0.00000000006568125  0.00000000007005333
  0.00000000007516746  0.00000000008068667  0.00000000008648967  0.00000000009321711
  0.00000000010184217  0.00000000011094899  0.00000000011975548  0.00000000012986563
  0.00000000014226023  0.00000000015617602  0.00000000017101066  0.00000000019136354
  0.00000000021559564  0.00000000025226430  0.00000000030434851  0.00000000037778705
  0.00000000061643066  0.00000000082736438  0.00000001040841692  1.00000000000000000
 -0.00220991067249491  0.00994512747950464  0.02073885836658912  0.03144275811730033
  0.04202137892291934  0.05254962659821024  0.06297408974754710  0.07356516057175075
  0.08420087153852283  0.09483185124347335  0.10515581502797360  0.11530779096828830
  0.12561784146505892  0.13602764030295630  0.14644311742907154  0.15708087366382931
  0.16748979725086585  0.17777169316617558  0.18808946184140687  0.19807269893724666
  0.20842156303961368  0.21892745049196363  0.22948284478768269  0.23997129311884180
  0.25032631126041327  0.26088864399272538  0.27110701607779986  0.28115713186240471
  0.29112898409393234  0.30159486888491827  0.31204389906275104  0.32265692576429073
  0.33320603219627626  0.34388554571429364  0.35474463081533469  0.36523384141337467
  0.37591550912067895  0.38634896839304422  0.39645436805567574  0.40702215947549802
  0.41735930666943666  0.42798533435679903  0.43851561366199576  0.44939305329099288
  0.46035445089262855  0.47113119705728412  0.48181841687873861  0.49254351684748099
  0.50330020907695239  0.51420224902305856  0.52540430836065410  0.53666741910587068
  0.54751997623385074  0.55827488494157940  0.56873512340805721  0.57933513770858835
  0.58964308634130247  0.59995924383304777  0.61031778504469059  0.62076154144638651
  0.63146966386756676  0.64235344852490006  0.65332599052165263  0.66421536377190293
  0.67506782626962936  0.68575927435387030  0.69649867680434219  0.70734081324530595
  0.71802269069704183  0.72865869041572062  0.73890145018623044  0.74901594895745416
  0.75901515024111210  0.76925429639483944  0.77992992571780040  0.79052464015605151
  0.80076333620029583  0.81114556994410481  0.82143755550534436  0.83180020018392720
  0.84219403248978753  0.85273597996296469  0.86361124726334970  0.87442346271076210
  0.88527290540174464  0.89597072969718461  0.90641745490805192  0.91685710903581852
  0.92714472346787180  0.93738228083653885  0.94758129579556694  0.95770619144850888
  0.96824488293147126  0.97886491686852406  0.98951403017831119  1.00000000000000000
  0.50973237871754640  0.51231275244113494  0.51633705409088804  0.52047805284847637
  0.52578039257421816  0.53131717949046831  0.53664414328079824  0.54198044393911360
  0.54778696683502592  0.55354861598003946  0.55926691073167656  0.56495397687204740
  0.57054064869030763  0.57607975390276245  0.58161388890802279  0.58704984962308637
  0.59247338780133596  0.59786411770318537  0.60329354614612829  0.60872275581031787
  0.61418775837580142  0.61963929448538180  0.62504481136113210  0.63030379853907326
  0.63557191747771424  0.64082742485577482  0.64604943920984581  0.65116707491022374
  0.65618982337917675  0.66118221639202479  0.66610100250174198  0.67098928956681458
  0.67596445163692698  0.68108335719288660  0.68638172607234649  0.69147899801657231
  0.69641472116902126  0.70123954550833079  0.70608522437632781  0.71102823922120706
  0.71597668819485094  0.72096289102421851  0.72585551536113546  0.73083228856412130
  0.73586916449596229  0.74093244930387614  0.74588260438140386  0.75076356409477873
  0.75574128703526466  0.76069974473162483  0.76567582091353226  0.77068300516314525
  0.77572325853376456  0.78080884323151767  0.78583236750808128  0.79079873210334273
  0.79567268419686765  0.80049947990190207  0.80534123117494494  0.81018200442747501
  0.81501835580460014  0.81985627828776897  0.82474571766525739  0.82969464256345238
  0.83467372215021063  0.83963248190940987  0.84454638498158330  0.84943890990740523
  0.85429528507709129  0.85908546753481285  0.86381807559896784  0.86855663384501391
  0.87326072619508333  0.87797807960047258  0.88268245430896208  0.88748877816353333
  0.89225615923307089  0.89711826909600367  0.90180266870714509  0.90658539975627972
  0.91124289167984174  0.91602079608479670  0.92093204947624074  0.92602153541767596
  0.93109023910940014  0.93618159230774645  0.94137260022321667  0.94661146063378387
  0.95189891629058343  0.95732516016728342  0.96297539531033771  0.96886366678371438
  0.97501531667048924  0.98187722843974634  0.99012268109863255  1.00000000000000000
  0.18941807840405039  0.33596116159434786  0.35455729300450833  0.36545614080836075
  0.37404987151982694  0.38081701270741003  0.38671452277777812  0.39219827752705455
  0.39707230148502082  0.40133324268994647  0.40536773627127021  0.40925165552013715
  0.41301731958296012  0.41661571706245115  0.41990656793462416  0.42306426613221210
  0.42615674378308593  0.42919916892674898  0.43216161017751709  0.43508428180315689
  0.43787152838433313  0.44052925382237201  0.44314612311327228  0.44574379936489888
  0.44830571553019788  0.45083332881579130  0.45332849542338582  0.45578765002625243
  0.45821253163922182  0.46058835389855146  0.46291742185265189  0.46525122236417288
  0.46756390413832905  0.46987395733138637  0.47216048803087141  0.47439622127858450
  0.47662234674285386  0.47881572207031531  0.48099956618121875  0.48318012129078430
  0.48535801490952396  0.48753042803977381  0.48969345645446366  0.49185641650060447
  0.49403262363810857  0.49620001234252942  0.49834857004198652  0.50048590605128207
  0.50259840065971695  0.50472154167270922  0.50684774527355381  0.50898686202569288
  0.51112967590984570  0.51327302204098579  0.51542119937616981  0.51757530494477255
  0.51974288731257912  0.52194577333740910  0.52418049143957468  0.52643820053220347
  0.52870745495698579  0.53097224626290107  0.53325675733045363  0.53554815188999993
  0.53784177559124291  0.54014338782172977  0.54248697939204693  0.54491485322591393
  0.54741383403663690  0.54993740199196206  0.55248366478976263  0.55505210268620908
  0.55764230451602237  0.56025186237315006  0.56290364019831962  0.56577159922203069
  0.56869293607696858  0.57167964983563402  0.57471701267420783  0.57783403743568817
  0.58101049559467444  0.58435443313886837  0.58801906848827490  0.59179203636278765
  0.59572941062359563  0.59983388135490689  0.60415011710681854  0.60925531633032315
  0.61462491925768048  0.62045232719286858  0.62734876864592914  0.63609374965217946
  0.64737072633864845  0.66728514411517148  0.80660400056516202  1.00000000000000000
   1605.9431253016382       -1.0000000000000000     
 F F F F T F F T T F F T F F F F
