  0.00000000000183725  0.00000000000201245  0.00000000000210613  0.00000000000219820
  0.00000000000229150  0.00000000000238941  0.00000000000249123  0.00000000000259241
  0.00000000000269373  0.00000000000279679  0.00000000000290153  0.00000000000300699
  0.00000000000311363  0.00000000000322496  0.00000000000334434  0.00000000000347010
  0.00000000000359742  0.00000000000372804  0.00000000000386134  0.00000000000399743
  0.00000000000413761  0.00000000000427677  0.00000000000442727  0.00000000000459139
  0.00000000000476229  0.00000000000493643  0.00000000000511460  0.00000000000529713
  0.00000000000548409  0.00000000000567673  0.00000000000587085  0.00000000000607912
  0.00000000000631190  0.00000000000655073  0.00000000000679645  0.00000000000704886
  0.00000000000731174  0.00000000000758441  0.00000000000786510  0.00000000000815612
  0.00000000000847180  0.00000000000881858  0.00000000000918854  0.00000000000956634
  0.00000000000996181  0.00000000001036977  0.00000000001079228  0.00000000001120954
  0.00000000001171721  0.00000000001226332  0.00000000001283810  0.00000000001343447
  0.00000000001405038  0.00000000001468353  0.00000000001533740  0.00000000001607111
  0.00000000001690095  0.00000000001779187  0.00000000001872706  0.00000000001970608
  0.00000000002073146  0.00000000002185163  0.00000000002310612  0.00000000002448490
  0.00000000002596635  0.00000000002752950  0.00000000002920740  0.00000000003108448
  0.00000000003310941  0.00000000003520483  0.00000000003741663  0.00000000003978322
  0.00000000004233865  0.00000000004508319  0.00000000004799301  0.00000000005107734
  0.00000000005441828  0.00000000005823058  0.00000000006266656  0.00000000006752516
  0.00000000007264098  0.00000000007845924  0.00000000008560398  0.00000000009310058
  0.00000000010074337  0.00000000011055715  0.00000000012221768  0.00000000013594044
  0.00000000015155190  0.00000000017212184  0.00000000019432414  0.00000000022237216
  0.00000000025732778  0.00000000030380673  0.00000001995889887  1.00000000000000000
 -0.00236306642953164  0.00939385881667570  0.01935742067335918  0.02995193644938404
  0.04068025913818345  0.05097717411099555  0.06142376258318941  0.07212556922735540
  0.08295519746406239  0.09365707256420223  0.10452098685563775  0.11537944809749270
  0.12626091904652761  0.13658391353249297  0.14702584636154320  0.15744657552612215
  0.16800610760337781  0.17866255974076087  0.18909236117207034  0.19939821257192017
  0.20979509384630213  0.22049368867022232  0.23128668416386036  0.24205599541030665
  0.25310584744575859  0.26437500226150062  0.27527023730830835  0.28590528413947852
  0.29645015432985949  0.30710935024811092  0.31760081837340243  0.32810557016033076
  0.33856074029226868  0.34909098357656981  0.35951104601184125  0.36989679453748803
  0.38038053219367252  0.39100565413403199  0.40171058652265074  0.41249117479507735
  0.42323083690009961  0.43389492672055752  0.44447597279686235  0.45519984795336615
  0.46573894418939249  0.47630448165976236  0.48686954783163822  0.49754656830271188
  0.50810121331926728  0.51854257103971835  0.52924619805245599  0.54012849696616350
  0.55101470067436609  0.56209164442040149  0.57301228550211736  0.58376655530008947
  0.59415439189374275  0.60438494466890191  0.61457370751191087  0.62472836129696874
  0.63504027320710665  0.64537628345829290  0.65597155602735457  0.66665625970819309
  0.67734400787104332  0.68800223376634340  0.69857306943577890  0.70907254708486533
  0.71974795541201864  0.73044406881870660  0.74118599691752041  0.75183105625525048
  0.76256699684606144  0.77320780369161357  0.78379597326575989  0.79413169392317207
  0.80437277422108122  0.81461857881943589  0.82503451725579713  0.83537096311287795
  0.84552435275724291  0.85548966208760802  0.86585866538869483  0.87621256832151950
  0.88643866177419695  0.89666178579484723  0.90689168532983977  0.91718518906116586
  0.92758876592608008  0.93782819662511119  0.94794288438419949  0.95808272688296892
  0.96859121749947275  0.97949499535021201  0.98952150581890508  1.00000000000000000
  0.59717523254247895  0.60053399554564901  0.60378545080419022  0.60766994567205268
  0.61194589702206437  0.61613269973155416  0.62021201449963903  0.62434227421628019
  0.62863781301472732  0.63300996259706155  0.63735300361465042  0.64164800957518520
  0.64589220636160427  0.65012668100513127  0.65435439224943870  0.65861281878651345
  0.66289084965988299  0.66713500673016446  0.67131269566291396  0.67546595028084311
  0.67968624045255910  0.68393091095077474  0.68813083602502534  0.69223885497925652
  0.69630310597862455  0.70038465468538769  0.70448471233196319  0.70859433948393247
  0.71270141575069967  0.71679972669976144  0.72086859137520820  0.72490744068182433
  0.72894744014094148  0.73298419564641992  0.73700371611259563  0.74100826919601526
  0.74502635672356043  0.74905679988865792  0.75307973960851549  0.75709101066774009
  0.76108774301895277  0.76508328345633914  0.76908509459349317  0.77310557684833559
  0.77711524155977174  0.78106553853507177  0.78497138107307329  0.78889012896977750
  0.79284924631850118  0.79680387706634093  0.80074936547291109  0.80470326110650714
  0.80869878809294016  0.81271254068359233  0.81665071348268992  0.82048994277753950
  0.82430133521409488  0.82808157159470097  0.83196430890207285  0.83582173616321598
  0.83973206708109271  0.84359948701147014  0.84749680660552729  0.85138822409184267
  0.85533263740098342  0.85929431498408060  0.86329339006077577  0.86730513834413669
  0.87132373378939310  0.87532216043373101  0.87934293526782525  0.88338008912716515
  0.88750870907838941  0.89158511139687346  0.89565623624733592  0.89969605616662052
  0.90378608341082112  0.90792143972430184  0.91210142728417531  0.91629212162096474
  0.92054505352919602  0.92479798188346407  0.92906782329563220  0.93326131274443691
  0.93749958211981566  0.94187678290545773  0.94637265283020566  0.95094461608849323
  0.95563491909510390  0.96055893424325456  0.96572094071737991  0.97104616681033085
  0.97666717218921573  0.98288669570777365  0.99053912053182269  1.00000000000000000
  0.18578044802753302  0.34383842901437872  0.36181345863405612  0.37227613777190066
  0.37991138987018153  0.38614436309042338  0.39185560253791363  0.39696764363857617
  0.40141661001620155  0.40560842109354006  0.40959899575317393  0.41339754055509248
  0.41695371074458659  0.42019510811470795  0.42334046199180719  0.42641172543642936
  0.42937079912174919  0.43223127212304918  0.43505043230910478  0.43780264753442572
  0.44043764490024645  0.44301719395492356  0.44557281775523022  0.44806435591926708
  0.45050833963737319  0.45293396654095341  0.45534334324709741  0.45772944760154127
  0.46005566320938296  0.46231611722415289  0.46454101867646719  0.46675280591719670
  0.46894361639127585  0.47110876156023213  0.47326580719213812  0.47541860112500184
  0.47756446938907471  0.47969220229711973  0.48179552600323983  0.48388079312137028
  0.48596042903005254  0.48804405837149678  0.49012717195345101  0.49220531592776989
  0.49426542367847398  0.49632636864288943  0.49837604574865640  0.50042132197081923
  0.50247002130065943  0.50455899732029486  0.50666019650659311  0.50876033119682795
  0.51085113527003523  0.51292667536980041  0.51500163619053119  0.51708033379869500
  0.51916442217463687  0.52126672112671057  0.52339985094732933  0.52555657950501555
  0.52773453174138329  0.52993412177516341  0.53214104659788664  0.53435714639169818
  0.53658092956388859  0.53881764389946019  0.54108513969734473  0.54341461980784367
  0.54579232009966994  0.54816248389885980  0.55055157931852872  0.55296840879319764
  0.55544500923154538  0.55795812912715059  0.56053353013873797  0.56313965411388855
  0.56592840624158114  0.56878276422380025  0.57170472781732262  0.57471931208341476
  0.57780546804859256  0.58098827555806642  0.58433708747732815  0.58790809221618934
  0.59164083958317948  0.59553402031738623  0.59965658073962114  0.60408021473862683
  0.60930776084139460  0.61492359504491811  0.62118802105965942  0.62913038235440222
  0.64017323337435805  0.66029616900259913  0.80959700542669732  1.00000000000000000
   1248.6599840464160       -1.0000000000000000     
 F T T F T T T T T T T T F T T F
