# BEGIN PLOT
Legend=1
LogY=1
Title=Transverse momentum of leading jet
XLabel=$p_\perp(\text{jet 1})$ [GeV]
YLabel=$\text{d}\sigma/\text{d}p_\perp(\text{jet 1})$ [pb/GeV]
LogX=1
XMin=20.0
DrawOnly=//home/maxinfilip/jewel/jewel-2.2.0/Rivet.yoda/MC_JETS/jet_pT_1
LegendOnly=//home/maxinfilip/jewel/jewel-2.2.0/Rivet.yoda/MC_JETS/jet_pT_1
# END PLOT

# BEGIN HISTO1D //home/maxinfilip/jewel/jewel-2.2.0/Rivet.yoda/MC_JETS/jet_pT_1
LineColor=red
LineStyle=solid
Path=//home/maxinfilip/jewel/jewel-2.2.0/Rivet.yoda/MC_JETS/jet_pT_1
ScaledBy=5.27556886200003125e+12
Title=Rivet
# xlow	 xhigh	 val	 errminus	 errplus
1.000000e+01	1.043250e+01	0.000000e+00	0.000000e+00	0.000000e+00
1.043250e+01	1.088371e+01	0.000000e+00	0.000000e+00	0.000000e+00
1.088371e+01	1.135443e+01	0.000000e+00	0.000000e+00	0.000000e+00
1.135443e+01	1.184552e+01	0.000000e+00	0.000000e+00	0.000000e+00
1.184552e+01	1.235784e+01	0.000000e+00	0.000000e+00	0.000000e+00
1.235784e+01	1.289232e+01	0.000000e+00	0.000000e+00	0.000000e+00
1.289232e+01	1.344991e+01	0.000000e+00	0.000000e+00	0.000000e+00
1.344991e+01	1.403162e+01	0.000000e+00	0.000000e+00	0.000000e+00
1.403162e+01	1.463849e+01	0.000000e+00	0.000000e+00	0.000000e+00
1.463849e+01	1.527161e+01	0.000000e+00	0.000000e+00	0.000000e+00
1.527161e+01	1.593211e+01	0.000000e+00	0.000000e+00	0.000000e+00
1.593211e+01	1.662118e+01	0.000000e+00	0.000000e+00	0.000000e+00
1.662118e+01	1.734005e+01	0.000000e+00	0.000000e+00	0.000000e+00
1.734005e+01	1.809001e+01	0.000000e+00	0.000000e+00	0.000000e+00
1.809001e+01	1.887241e+01	0.000000e+00	0.000000e+00	0.000000e+00
1.887241e+01	1.968865e+01	0.000000e+00	0.000000e+00	0.000000e+00
1.968865e+01	2.054018e+01	7.480540e+05	4.709087e+05	4.709087e+05
2.054018e+01	2.142855e+01	1.091710e+06	5.708142e+05	5.708142e+05
2.142855e+01	2.235534e+01	2.090648e+06	9.497520e+05	9.497520e+05
2.235534e+01	2.332222e+01	1.243798e+06	5.315268e+05	5.315268e+05
2.332222e+01	2.433091e+01	4.137366e+05	2.034320e+05	2.034320e+05
2.433091e+01	2.538323e+01	1.349059e+06	6.838269e+05	6.838269e+05
2.538323e+01	2.648106e+01	1.323812e+06	1.008036e+06	1.008036e+06
2.648106e+01	2.762637e+01	8.010860e+05	4.108314e+05	4.108314e+05
2.762637e+01	2.882121e+01	4.745679e+05	2.069203e+05	2.069203e+05
2.882121e+01	3.006774e+01	1.812114e+05	1.137959e+05	1.137959e+05
3.006774e+01	3.136818e+01	3.960712e+05	2.050896e+05	2.050896e+05
3.136818e+01	3.272486e+01	3.009986e+05	1.370862e+05	1.370862e+05
3.272486e+01	3.414021e+01	1.062805e+05	5.014164e+04	5.014164e+04
3.414021e+01	3.561679e+01	2.087416e+05	9.008339e+04	9.008339e+04
3.561679e+01	3.715722e+01	2.508148e+04	1.359222e+04	1.359222e+04
3.715722e+01	3.876428e+01	7.553893e+04	4.448445e+04	4.448445e+04
3.876428e+01	4.044084e+01	1.006710e+05	6.077245e+04	6.077245e+04
4.044084e+01	4.218992e+01	3.752408e+04	1.548788e+04	1.548788e+04
4.218992e+01	4.401464e+01	1.963017e+05	1.811561e+05	1.811561e+05
4.401464e+01	4.591829e+01	2.449517e+04	9.173274e+03	9.173274e+03
4.591829e+01	4.790426e+01	2.640929e+04	9.445233e+03	9.445233e+03
4.790426e+01	4.997613e+01	1.337784e+04	6.592698e+03	6.592698e+03
4.997613e+01	5.213761e+01	4.284440e+04	1.896696e+04	1.896696e+04
5.213761e+01	5.439258e+01	1.617653e+04	6.627659e+03	6.627659e+03
5.439258e+01	5.674507e+01	3.426213e+04	2.639101e+04	2.639101e+04
5.674507e+01	5.919931e+01	2.516108e+04	1.264616e+04	1.264616e+04
5.919931e+01	6.175969e+01	8.515744e+03	3.323928e+03	3.323928e+03
6.175969e+01	6.443081e+01	4.544974e+03	1.612431e+03	1.612431e+03
6.443081e+01	6.721746e+01	1.499461e+03	9.066533e+02	9.066533e+02
6.721746e+01	7.012463e+01	1.664707e+04	1.372520e+04	1.372520e+04
7.012463e+01	7.315754e+01	3.187499e+03	9.949094e+02	9.949094e+02
7.315754e+01	7.632162e+01	1.432834e+03	5.803587e+02	5.803587e+02
7.632162e+01	7.962254e+01	1.795339e+03	5.606423e+02	5.606423e+02
7.962254e+01	8.306624e+01	3.373488e+03	2.143944e+03	2.143944e+03
8.306624e+01	8.665887e+01	2.228355e+03	7.606000e+02	7.606000e+02
8.665887e+01	9.040689e+01	1.817281e+03	4.653809e+02	4.653809e+02
9.040689e+01	9.431701e+01	7.411706e+02	2.396064e+02	2.396064e+02
9.431701e+01	9.839624e+01	8.241168e+02	3.681528e+02	3.681528e+02
9.839624e+01	1.026519e+02	6.461527e+02	2.319528e+02	2.319528e+02
1.026519e+02	1.070916e+02	1.717616e+02	5.719437e+01	5.719437e+01
1.070916e+02	1.117234e+02	1.234334e+02	5.436715e+01	5.436715e+01
1.117234e+02	1.165554e+02	3.286538e+02	9.526420e+01	9.526420e+01
1.165554e+02	1.215965e+02	1.685409e+02	6.190880e+01	6.190880e+01
1.215965e+02	1.268555e+02	5.706737e+01	3.644458e+01	3.644458e+01
1.268555e+02	1.323421e+02	1.029323e+02	4.067558e+01	4.067558e+01
1.323421e+02	1.380659e+02	1.171476e+02	3.624822e+01	3.624822e+01
1.380659e+02	1.440373e+02	5.943233e+01	2.362260e+01	2.362260e+01
1.440373e+02	1.502669e+02	4.273082e+01	1.705401e+01	1.705401e+01
1.502669e+02	1.567660e+02	1.202082e+01	5.310291e+00	5.310291e+00
1.567660e+02	1.635462e+02	1.694773e+01	8.731024e+00	8.731024e+00
1.635462e+02	1.706196e+02	3.708605e+01	1.197495e+01	1.197495e+01
1.706196e+02	1.779989e+02	2.033858e+01	6.867136e+00	6.867136e+00
1.779989e+02	1.856974e+02	2.833038e+01	1.008533e+01	1.008533e+01
1.856974e+02	1.937289e+02	1.023802e+01	4.025912e+00	4.025912e+00
1.937289e+02	2.021077e+02	5.242540e+00	2.649721e+00	2.649721e+00
2.021077e+02	2.108489e+02	4.805003e+00	2.097192e+00	2.097192e+00
2.108489e+02	2.199682e+02	1.734077e+00	1.231576e+00	1.231576e+00
2.199682e+02	2.294818e+02	2.983266e+00	1.255830e+00	1.255830e+00
2.294818e+02	2.394070e+02	2.500063e+00	1.148344e+00	1.148344e+00
2.394070e+02	2.497614e+02	2.858310e+00	1.125798e+00	1.125798e+00
2.497614e+02	2.605636e+02	1.040953e+00	5.275210e-01	5.275210e-01
2.605636e+02	2.718331e+02	8.715056e-01	4.382671e-01	4.382671e-01
2.718331e+02	2.835899e+02	4.295598e-01	2.557054e-01	2.557054e-01
2.835899e+02	2.958552e+02	2.497319e-01	1.774451e-01	1.774451e-01
2.958552e+02	3.086511e+02	2.509741e-01	1.781177e-01	1.781177e-01
3.086511e+02	3.220003e+02	2.673277e-01	1.547048e-01	1.547048e-01
3.220003e+02	3.359269e+02	1.932406e-01	1.381036e-01	1.381036e-01
3.359269e+02	3.504558e+02	0.000000e+00	0.000000e+00	0.000000e+00
3.504558e+02	3.656131e+02	0.000000e+00	0.000000e+00	0.000000e+00
3.656131e+02	3.814259e+02	0.000000e+00	0.000000e+00	0.000000e+00
3.814259e+02	3.979227e+02	0.000000e+00	0.000000e+00	0.000000e+00
3.979227e+02	4.151329e+02	0.000000e+00	0.000000e+00	0.000000e+00
4.151329e+02	4.330875e+02	0.000000e+00	0.000000e+00	0.000000e+00
4.330875e+02	4.518187e+02	0.000000e+00	0.000000e+00	0.000000e+00
4.518187e+02	4.713599e+02	0.000000e+00	0.000000e+00	0.000000e+00
4.713599e+02	4.917464e+02	0.000000e+00	0.000000e+00	0.000000e+00
4.917464e+02	5.130145e+02	0.000000e+00	0.000000e+00	0.000000e+00
5.130145e+02	5.352025e+02	0.000000e+00	0.000000e+00	0.000000e+00
5.352025e+02	5.583501e+02	0.000000e+00	0.000000e+00	0.000000e+00
5.583501e+02	5.824989e+02	0.000000e+00	0.000000e+00	0.000000e+00
5.824989e+02	6.076921e+02	0.000000e+00	0.000000e+00	0.000000e+00
6.076921e+02	6.339750e+02	0.000000e+00	0.000000e+00	0.000000e+00
6.339750e+02	6.613945e+02	0.000000e+00	0.000000e+00	0.000000e+00
6.613945e+02	6.900000e+02	0.000000e+00	0.000000e+00	0.000000e+00
# END HISTO1D

