# BEGIN PLOT
Legend=1
LogY=1
Title=Energy of charged particles
XLabel=$E$ [GeV]
YLabel=$1/\sigma \; \mathrm{d}\sigma/\mathrm{d}E$ [GeV$^{-1}$]
DrawOnly=//home/maxinfilip/Rivet.yoda/MC_FSPARTICLES/ECh
LegendOnly=//home/maxinfilip/Rivet.yoda/MC_FSPARTICLES/ECh
# END PLOT

# BEGIN HISTO1D //home/maxinfilip/Rivet.yoda/MC_FSPARTICLES/ECh
LineColor=red
LineStyle=solid
Path=//home/maxinfilip/Rivet.yoda/MC_FSPARTICLES/ECh
ScaledBy=4.84070251421719611e+08
Title=Rivet
# xlow	 xhigh	 val	 errminus	 errplus
0.000000e+00	2.000000e+00	1.536742e-01	2.200760e-03	2.200760e-03
2.000000e+00	4.000000e+00	8.860530e-02	1.638452e-03	1.638452e-03
4.000000e+00	6.000000e+00	4.756507e-02	1.229431e-03	1.229431e-03
6.000000e+00	8.000000e+00	3.222266e-02	1.011720e-03	1.011720e-03
8.000000e+00	1.000000e+01	2.326229e-02	8.506772e-04	8.506772e-04
1.000000e+01	1.200000e+01	1.874022e-02	7.700906e-04	7.700906e-04
1.200000e+01	1.400000e+01	1.467308e-02	6.859213e-04	6.859213e-04
1.400000e+01	1.600000e+01	1.371346e-02	6.729656e-04	6.729656e-04
1.600000e+01	1.800000e+01	1.135184e-02	6.168843e-04	6.168843e-04
1.800000e+01	2.000000e+01	9.028120e-03	5.411772e-04	5.411772e-04
2.000000e+01	2.200000e+01	7.666935e-03	5.079592e-04	5.079592e-04
2.200000e+01	2.400000e+01	8.419175e-03	5.626471e-04	5.626471e-04
2.400000e+01	2.600000e+01	6.789110e-03	4.895028e-04	4.895028e-04
2.600000e+01	2.800000e+01	5.266580e-03	4.057258e-04	4.057258e-04
2.800000e+01	3.000000e+01	5.260170e-03	4.124851e-04	4.124851e-04
3.000000e+01	3.200000e+01	4.985420e-03	4.222193e-04	4.222193e-04
3.200000e+01	3.400000e+01	5.121545e-03	4.232435e-04	4.232435e-04
3.400000e+01	3.600000e+01	4.727579e-03	4.191699e-04	4.191699e-04
3.600000e+01	3.800000e+01	3.723818e-03	3.671764e-04	3.671764e-04
3.800000e+01	4.000000e+01	3.522634e-03	3.546201e-04	3.546201e-04
4.000000e+01	4.200000e+01	2.603366e-03	2.992362e-04	2.992362e-04
4.200000e+01	4.400000e+01	2.465097e-03	2.861487e-04	2.861487e-04
4.400000e+01	4.600000e+01	1.929415e-03	2.352553e-04	2.352553e-04
4.600000e+01	4.800000e+01	2.244283e-03	2.737211e-04	2.737211e-04
4.800000e+01	5.000000e+01	1.919415e-03	2.561288e-04	2.561288e-04
5.000000e+01	5.200000e+01	1.668280e-03	2.315861e-04	2.315861e-04
5.200000e+01	5.400000e+01	1.334118e-03	2.141665e-04	2.141665e-04
5.400000e+01	5.600000e+01	9.285290e-04	1.672837e-04	1.672837e-04
5.600000e+01	5.800000e+01	1.256000e-03	2.033657e-04	2.033657e-04
5.800000e+01	6.000000e+01	1.206335e-03	1.961510e-04	1.961510e-04
6.000000e+01	6.200000e+01	7.473245e-04	1.383116e-04	1.383116e-04
6.200000e+01	6.400000e+01	8.400010e-04	1.689841e-04	1.689841e-04
6.400000e+01	6.600000e+01	8.080150e-04	1.635289e-04	1.635289e-04
6.600000e+01	6.800000e+01	6.392485e-04	1.439778e-04	1.439778e-04
6.800000e+01	7.000000e+01	6.420355e-04	1.445063e-04	1.445063e-04
7.000000e+01	7.200000e+01	6.926185e-04	1.575612e-04	1.575612e-04
7.200000e+01	7.400000e+01	6.504845e-04	1.536863e-04	1.536863e-04
7.400000e+01	7.600000e+01	4.808178e-04	1.219263e-04	1.219263e-04
7.600000e+01	7.800000e+01	7.613360e-04	1.505813e-04	1.505813e-04
7.800000e+01	8.000000e+01	4.136216e-04	1.127409e-04	1.127409e-04
8.000000e+01	8.200000e+01	2.831503e-04	8.580963e-05	8.580963e-05
8.200000e+01	8.400000e+01	5.084880e-04	1.385337e-04	1.385337e-04
8.400000e+01	8.600000e+01	3.498044e-04	1.172704e-04	1.172704e-04
8.600000e+01	8.800000e+01	3.313869e-04	9.173567e-05	9.173567e-05
8.800000e+01	9.000000e+01	2.963933e-04	1.145809e-04	1.145809e-04
9.000000e+01	9.200000e+01	2.153935e-04	1.023315e-04	1.023315e-04
9.200000e+01	9.400000e+01	9.209660e-05	3.294748e-05	3.294748e-05
9.400000e+01	9.600000e+01	2.096321e-04	7.154032e-05	7.154032e-05
9.600000e+01	9.800000e+01	2.947066e-04	1.032029e-04	1.032029e-04
9.800000e+01	1.000000e+02	3.977011e-04	1.184420e-04	1.184420e-04
1.000000e+02	1.020000e+02	1.954356e-04	8.674565e-05	8.674565e-05
1.020000e+02	1.040000e+02	1.017906e-04	6.089924e-05	6.089924e-05
1.040000e+02	1.060000e+02	5.129720e-05	3.235139e-05	3.235139e-05
1.060000e+02	1.080000e+02	2.445575e-04	8.428280e-05	8.428280e-05
1.080000e+02	1.100000e+02	1.381417e-04	5.356004e-05	5.356004e-05
1.100000e+02	1.120000e+02	6.104090e-05	2.459597e-05	2.459597e-05
1.120000e+02	1.140000e+02	9.666745e-05	4.883568e-05	4.883568e-05
1.140000e+02	1.160000e+02	1.098941e-04	7.217640e-05	7.217640e-05
1.160000e+02	1.180000e+02	1.642782e-04	7.990131e-05	7.990131e-05
1.180000e+02	1.200000e+02	4.480169e-05	1.893508e-05	1.893508e-05
1.200000e+02	1.220000e+02	1.655912e-04	7.584697e-05	7.584697e-05
1.220000e+02	1.240000e+02	1.000793e-04	5.318005e-05	5.318005e-05
1.240000e+02	1.260000e+02	1.058846e-04	5.757204e-05	5.757204e-05
1.260000e+02	1.280000e+02	1.049944e-04	4.919604e-05	4.919604e-05
1.280000e+02	1.300000e+02	1.011940e-04	6.762228e-05	6.762228e-05
1.300000e+02	1.320000e+02	4.183702e-05	3.271538e-05	3.271538e-05
1.320000e+02	1.340000e+02	6.990025e-05	4.170592e-05	4.170592e-05
1.340000e+02	1.360000e+02	1.171354e-04	6.492465e-05	6.492465e-05
1.360000e+02	1.380000e+02	1.348920e-05	8.669110e-06	8.669110e-06
1.380000e+02	1.400000e+02	3.003920e-05	1.987547e-05	1.987547e-05
1.400000e+02	1.420000e+02	1.195248e-04	7.307009e-05	7.307009e-05
1.420000e+02	1.440000e+02	4.532767e-06	2.615803e-06	2.615803e-06
1.440000e+02	1.460000e+02	4.872572e-05	2.187985e-05	2.187985e-05
1.460000e+02	1.480000e+02	5.796870e-05	3.265887e-05	3.265887e-05
1.480000e+02	1.500000e+02	1.453994e-04	6.927456e-05	6.927456e-05
1.500000e+02	1.520000e+02	7.828325e-06	4.281763e-06	4.281763e-06
1.520000e+02	1.540000e+02	4.375535e-05	2.320274e-05	2.320274e-05
1.540000e+02	1.560000e+02	1.817632e-05	1.438267e-05	1.438267e-05
1.560000e+02	1.580000e+02	1.330179e-04	7.498542e-05	7.498542e-05
1.580000e+02	1.600000e+02	1.103761e-05	7.664310e-06	7.664310e-06
1.600000e+02	1.620000e+02	7.341090e-05	3.985203e-05	3.985203e-05
1.620000e+02	1.640000e+02	1.035288e-05	4.792035e-06	4.792035e-06
1.640000e+02	1.660000e+02	5.036165e-05	3.222657e-05	3.222657e-05
1.660000e+02	1.680000e+02	8.636720e-06	7.716529e-06	7.716529e-06
1.680000e+02	1.700000e+02	3.487419e-06	2.405063e-06	2.405063e-06
1.700000e+02	1.720000e+02	2.295851e-05	1.259876e-05	1.259876e-05
1.720000e+02	1.740000e+02	1.388893e-05	1.079299e-05	1.079299e-05
1.740000e+02	1.760000e+02	0.000000e+00	0.000000e+00	0.000000e+00
1.760000e+02	1.780000e+02	3.146653e-05	2.430850e-05	2.430850e-05
1.780000e+02	1.800000e+02	1.076045e-05	5.624258e-06	5.624258e-06
1.800000e+02	1.820000e+02	8.407265e-05	4.390411e-05	4.390411e-05
1.820000e+02	1.840000e+02	8.851735e-05	5.927774e-05	5.927774e-05
1.840000e+02	1.860000e+02	9.696090e-05	5.070809e-05	5.070809e-05
1.860000e+02	1.880000e+02	3.080093e-05	1.565943e-05	1.565943e-05
1.880000e+02	1.900000e+02	1.651830e-05	1.651829e-05	1.651829e-05
1.900000e+02	1.920000e+02	8.030695e-06	6.090146e-06	6.090146e-06
1.920000e+02	1.940000e+02	2.107897e-05	1.844879e-05	1.844879e-05
1.940000e+02	1.960000e+02	7.453600e-06	5.297228e-06	5.297228e-06
1.960000e+02	1.980000e+02	7.630155e-06	5.241879e-06	5.241879e-06
1.980000e+02	2.000000e+02	3.175765e-05	2.330909e-05	2.330909e-05
# END HISTO1D

