# BEGIN PLOT
Legend=1
LogY=0
Title=Total multiplicity of events
XLabel=$N$
YLabel=$1/\sigma \; \mathrm{d}\sigma/\mathrm{d}N$
DrawOnly=//home/maxinfilip/Rivet.yoda/MC_FSPARTICLES/Mult
LegendOnly=//home/maxinfilip/Rivet.yoda/MC_FSPARTICLES/Mult
# END PLOT

# BEGIN HISTO1D //home/maxinfilip/Rivet.yoda/MC_FSPARTICLES/Mult
LineColor=red
LineStyle=solid
Path=//home/maxinfilip/Rivet.yoda/MC_FSPARTICLES/Mult
ScaledBy=2.96502421800250244e+12
Title=Rivet
# xlow	 xhigh	 val	 errminus	 errplus
-5.000000e-01	1.500000e+00	0.000000e+00	0.000000e+00	0.000000e+00
1.500000e+00	3.500000e+00	8.205680e-04	8.205679e-04	8.205679e-04
3.500000e+00	5.500000e+00	0.000000e+00	0.000000e+00	0.000000e+00
5.500000e+00	7.500000e+00	0.000000e+00	0.000000e+00	0.000000e+00
7.500000e+00	9.500000e+00	1.982658e-03	1.162786e-03	1.162786e-03
9.500000e+00	1.150000e+01	8.534985e-03	2.706533e-03	2.706533e-03
1.150000e+01	1.350000e+01	1.075981e-02	2.532603e-03	2.532603e-03
1.350000e+01	1.550000e+01	1.772372e-02	3.991871e-03	3.991871e-03
1.550000e+01	1.750000e+01	2.298407e-02	3.809815e-03	3.809815e-03
1.750000e+01	1.950000e+01	2.712812e-02	4.367133e-03	4.367133e-03
1.950000e+01	2.150000e+01	2.798638e-02	4.253798e-03	4.253798e-03
2.150000e+01	2.350000e+01	3.952766e-02	5.229543e-03	5.229543e-03
2.350000e+01	2.550000e+01	4.305451e-02	5.286502e-03	5.286502e-03
2.550000e+01	2.750000e+01	4.787780e-02	5.610078e-03	5.610078e-03
2.750000e+01	2.950000e+01	3.416445e-02	4.510810e-03	4.510810e-03
2.950000e+01	3.150000e+01	2.835539e-02	3.433279e-03	3.433279e-03
3.150000e+01	3.350000e+01	3.871880e-02	4.909701e-03	4.909701e-03
3.350000e+01	3.550000e+01	3.432088e-02	4.794811e-03	4.794811e-03
3.550000e+01	3.750000e+01	2.069608e-02	3.475670e-03	3.475670e-03
3.750000e+01	3.950000e+01	1.622400e-02	2.762702e-03	2.762702e-03
3.950000e+01	4.150000e+01	1.146501e-02	2.017436e-03	2.017436e-03
4.150000e+01	4.350000e+01	1.419722e-02	2.660991e-03	2.660991e-03
4.350000e+01	4.550000e+01	1.072352e-02	2.067160e-03	2.067160e-03
4.550000e+01	4.750000e+01	1.206341e-02	2.809660e-03	2.809660e-03
4.750000e+01	4.950000e+01	4.150776e-03	1.109890e-03	1.109890e-03
4.950000e+01	5.150000e+01	6.054880e-03	1.692703e-03	1.692703e-03
5.150000e+01	5.350000e+01	5.174015e-03	1.460003e-03	1.460003e-03
5.350000e+01	5.550000e+01	3.464012e-03	1.307533e-03	1.307533e-03
5.550000e+01	5.750000e+01	2.676929e-03	8.578579e-04	8.578579e-04
5.750000e+01	5.950000e+01	2.439940e-03	1.131214e-03	1.131214e-03
5.950000e+01	6.150000e+01	1.519896e-03	6.360963e-04	6.360963e-04
6.150000e+01	6.350000e+01	2.392589e-03	1.214346e-03	1.214346e-03
6.350000e+01	6.550000e+01	6.638055e-04	1.938541e-04	1.938541e-04
6.550000e+01	6.750000e+01	1.826497e-04	5.879860e-05	5.879860e-05
6.750000e+01	6.950000e+01	3.168654e-04	1.620278e-04	1.620278e-04
6.950000e+01	7.150000e+01	5.062295e-05	2.716845e-05	2.716845e-05
7.150000e+01	7.350000e+01	1.024278e-03	8.711238e-04	8.711238e-04
7.350000e+01	7.550000e+01	5.573370e-05	3.668443e-05	3.668443e-05
7.550000e+01	7.750000e+01	4.659696e-04	3.063511e-04	3.063511e-04
7.750000e+01	7.950000e+01	0.000000e+00	0.000000e+00	0.000000e+00
7.950000e+01	8.150000e+01	7.123825e-06	7.123824e-06	7.123824e-06
8.150000e+01	8.350000e+01	8.052650e-06	8.052650e-06	8.052650e-06
8.350000e+01	8.550000e+01	1.697601e-05	1.697601e-05	1.697601e-05
8.550000e+01	8.750000e+01	0.000000e+00	0.000000e+00	0.000000e+00
8.750000e+01	8.950000e+01	7.925135e-06	7.925134e-06	7.925134e-06
8.950000e+01	9.150000e+01	0.000000e+00	0.000000e+00	0.000000e+00
9.150000e+01	9.350000e+01	1.795658e-05	1.795659e-05	1.795659e-05
9.350000e+01	9.550000e+01	0.000000e+00	0.000000e+00	0.000000e+00
9.550000e+01	9.750000e+01	0.000000e+00	0.000000e+00	0.000000e+00
9.750000e+01	9.950000e+01	0.000000e+00	0.000000e+00	0.000000e+00
9.950000e+01	1.015000e+02	0.000000e+00	0.000000e+00	0.000000e+00
1.015000e+02	1.035000e+02	0.000000e+00	0.000000e+00	0.000000e+00
1.035000e+02	1.055000e+02	0.000000e+00	0.000000e+00	0.000000e+00
1.055000e+02	1.075000e+02	0.000000e+00	0.000000e+00	0.000000e+00
1.075000e+02	1.095000e+02	0.000000e+00	0.000000e+00	0.000000e+00
1.095000e+02	1.115000e+02	0.000000e+00	0.000000e+00	0.000000e+00
1.115000e+02	1.135000e+02	0.000000e+00	0.000000e+00	0.000000e+00
1.135000e+02	1.155000e+02	0.000000e+00	0.000000e+00	0.000000e+00
1.155000e+02	1.175000e+02	0.000000e+00	0.000000e+00	0.000000e+00
1.175000e+02	1.195000e+02	0.000000e+00	0.000000e+00	0.000000e+00
1.195000e+02	1.215000e+02	0.000000e+00	0.000000e+00	0.000000e+00
1.215000e+02	1.235000e+02	0.000000e+00	0.000000e+00	0.000000e+00
1.235000e+02	1.255000e+02	0.000000e+00	0.000000e+00	0.000000e+00
1.255000e+02	1.275000e+02	0.000000e+00	0.000000e+00	0.000000e+00
1.275000e+02	1.295000e+02	0.000000e+00	0.000000e+00	0.000000e+00
1.295000e+02	1.315000e+02	0.000000e+00	0.000000e+00	0.000000e+00
1.315000e+02	1.335000e+02	0.000000e+00	0.000000e+00	0.000000e+00
1.335000e+02	1.355000e+02	0.000000e+00	0.000000e+00	0.000000e+00
1.355000e+02	1.375000e+02	0.000000e+00	0.000000e+00	0.000000e+00
1.375000e+02	1.395000e+02	0.000000e+00	0.000000e+00	0.000000e+00
1.395000e+02	1.415000e+02	0.000000e+00	0.000000e+00	0.000000e+00
1.415000e+02	1.435000e+02	0.000000e+00	0.000000e+00	0.000000e+00
1.435000e+02	1.455000e+02	0.000000e+00	0.000000e+00	0.000000e+00
1.455000e+02	1.475000e+02	0.000000e+00	0.000000e+00	0.000000e+00
1.475000e+02	1.495000e+02	0.000000e+00	0.000000e+00	0.000000e+00
1.495000e+02	1.515000e+02	0.000000e+00	0.000000e+00	0.000000e+00
1.515000e+02	1.535000e+02	0.000000e+00	0.000000e+00	0.000000e+00
1.535000e+02	1.555000e+02	0.000000e+00	0.000000e+00	0.000000e+00
1.555000e+02	1.575000e+02	0.000000e+00	0.000000e+00	0.000000e+00
1.575000e+02	1.595000e+02	0.000000e+00	0.000000e+00	0.000000e+00
1.595000e+02	1.615000e+02	0.000000e+00	0.000000e+00	0.000000e+00
1.615000e+02	1.635000e+02	0.000000e+00	0.000000e+00	0.000000e+00
1.635000e+02	1.655000e+02	0.000000e+00	0.000000e+00	0.000000e+00
1.655000e+02	1.675000e+02	0.000000e+00	0.000000e+00	0.000000e+00
1.675000e+02	1.695000e+02	0.000000e+00	0.000000e+00	0.000000e+00
1.695000e+02	1.715000e+02	0.000000e+00	0.000000e+00	0.000000e+00
1.715000e+02	1.735000e+02	0.000000e+00	0.000000e+00	0.000000e+00
1.735000e+02	1.755000e+02	0.000000e+00	0.000000e+00	0.000000e+00
1.755000e+02	1.775000e+02	0.000000e+00	0.000000e+00	0.000000e+00
1.775000e+02	1.795000e+02	0.000000e+00	0.000000e+00	0.000000e+00
1.795000e+02	1.815000e+02	0.000000e+00	0.000000e+00	0.000000e+00
1.815000e+02	1.835000e+02	0.000000e+00	0.000000e+00	0.000000e+00
1.835000e+02	1.855000e+02	0.000000e+00	0.000000e+00	0.000000e+00
1.855000e+02	1.875000e+02	0.000000e+00	0.000000e+00	0.000000e+00
1.875000e+02	1.895000e+02	0.000000e+00	0.000000e+00	0.000000e+00
1.895000e+02	1.915000e+02	0.000000e+00	0.000000e+00	0.000000e+00
1.915000e+02	1.935000e+02	0.000000e+00	0.000000e+00	0.000000e+00
1.935000e+02	1.955000e+02	0.000000e+00	0.000000e+00	0.000000e+00
1.955000e+02	1.975000e+02	0.000000e+00	0.000000e+00	0.000000e+00
1.975000e+02	1.995000e+02	0.000000e+00	0.000000e+00	0.000000e+00
# END HISTO1D

