  0.00000000000422373  0.00000000000532408  0.00000000000615097  0.00000000000682811
  0.00000000000757754  0.00000000000833558  0.00000000000907030  0.00000000000981737
  0.00000000001059986  0.00000000001133941  0.00000000001205203  0.00000000001276623
  0.00000000001348443  0.00000000001420655  0.00000000001492527  0.00000000001566120
  0.00000000001639566  0.00000000001714374  0.00000000001791823  0.00000000001869531
  0.00000000001949146  0.00000000002031274  0.00000000002113504  0.00000000002196724
  0.00000000002282759  0.00000000002380980  0.00000000002480994  0.00000000002581669
  0.00000000002683947  0.00000000002787476  0.00000000002890699  0.00000000003000703
  0.00000000003123423  0.00000000003252365  0.00000000003385057  0.00000000003518731
  0.00000000003652654  0.00000000003789976  0.00000000003931726  0.00000000004083477
  0.00000000004261764  0.00000000004442451  0.00000000004629277  0.00000000004824204
  0.00000000005025623  0.00000000005227162  0.00000000005459280  0.00000000005719301
  0.00000000005983908  0.00000000006257328  0.00000000006538876  0.00000000006821907
  0.00000000007106527  0.00000000007445350  0.00000000007800129  0.00000000008167384
  0.00000000008554696  0.00000000008955147  0.00000000009356005  0.00000000009834181
  0.00000000010359122  0.00000000010905230  0.00000000011476611  0.00000000012061510
  0.00000000012696688  0.00000000013422465  0.00000000014212591  0.00000000015035101
  0.00000000015857543  0.00000000016733137  0.00000000017771045  0.00000000018956130
  0.00000000020222864  0.00000000021546970  0.00000000023055020  0.00000000024800004
  0.00000000026641857  0.00000000028661631  0.00000000031050629  0.00000000033809141
  0.00000000036630745  0.00000000039628772  0.00000000043346807  0.00000000047760266
  0.00000000052715661  0.00000000058754675  0.00000000065497011  0.00000000072840278
  0.00000000082285485  0.00000000091693984  0.00000000103815070  0.00000000120208355
  0.00000000149909945  0.00000000250774841  0.00000003440360577  1.00000000000000000
 -0.00215919737418220  0.00958706806589591  0.01975093724560966  0.03005580040877433
  0.04064416354230069  0.05087131133715516  0.06105088319192832  0.07116199795932607
  0.08145260317971428  0.09160626766605164  0.10186878073084576  0.11175765532043253
  0.12142713928473541  0.13101009173964717  0.14068766320198262  0.15061487791091510
  0.16083746359553694  0.17118513974414806  0.18203299920240495  0.19318213883328850
  0.20436936921973245  0.21522475554851794  0.22591993687976575  0.23663034334195776
  0.24735720741579892  0.25745240001508563  0.26751158313375750  0.27773263315934466
  0.28809361984518950  0.29838093935910198  0.30868042353329561  0.31943651363499226
  0.33030743360616904  0.34115973436277874  0.35172679524908373  0.36232785892783065
  0.37268002064854444  0.38299865140649630  0.39360557257696382  0.40412229505025093
  0.41465806417679907  0.42519067706432634  0.43565639304940157  0.44629865295474747
  0.45703733377503214  0.46815555091585881  0.47952868154739053  0.49097439901261791
  0.50211740039095154  0.51298436453562990  0.52362235395747114  0.53393774946888672
  0.54407859477290677  0.55422513492193681  0.56458040143300547  0.57516424933086541
  0.58588975737401527  0.59727421591983976  0.60859792915070665  0.61967578970400705
  0.63070814606577086  0.64166652346692754  0.65264285969114244  0.66363081457232487
  0.67452210640522514  0.68527402812348015  0.69624156010959815  0.70716816003012506
  0.71796768916205278  0.72894192369682442  0.74018020715910704  0.75131178529696085
  0.76167448730072229  0.77181906908955356  0.78222121590667781  0.79294322807018458
  0.80379778615059172  0.81456941157765983  0.82512290903389995  0.83558894850770671
  0.84603216429201555  0.85637386142664862  0.86682876431760714  0.87719151325032008
  0.88788257577315433  0.89820574007803644  0.90826469532334408  0.91847504569801330
  0.92854269854191773  0.93843858330227614  0.94838846290718748  0.95891609367131880
  0.96937247131896498  0.97980108696863277  0.98985434113903725  1.00000000000000000
  0.19375294126870993  0.20246447383824653  0.21206613930205509  0.22223623129485737
  0.23223826185480573  0.24192644056316531  0.25137592390338664  0.26052442162005379
  0.26944944788955338  0.27802068351400455  0.28655722303195402  0.29521080962514223
  0.30395519379608510  0.31257727455618722  0.32101774465511518  0.32935410470796184
  0.33766801531739493  0.34589555811277628  0.35400645762593130  0.36190658104830586
  0.36966227232041204  0.37731223973671063  0.38493484859823923  0.39258056907143291
  0.40025438635390226  0.40785183880726705  0.41551009639678610  0.42330539374132869
  0.43110144774534565  0.43879291736628029  0.44644555442419581  0.45397900956475062
  0.46146675688700495  0.46891293954231977  0.47635550840330626  0.48369480506697088
  0.49091264668447776  0.49815194880964947  0.50547845432505856  0.51287374905507166
  0.52021224791955833  0.52724013364469180  0.53434824327953501  0.54166791498669009
  0.54924838751297522  0.55678204843787960  0.56410582415568744  0.57138768778888982
  0.57858940772121437  0.58607499471819091  0.59390758348471606  0.60166807282876600
  0.60943409939610571  0.61717896500309410  0.62488339566733198  0.63257271279477756
  0.64026120746202386  0.64795655367737448  0.65559705513850608  0.66310076681000285
  0.67049538352689964  0.67783179354034317  0.68521243076275062  0.69274499218518748
  0.70039364155995354  0.70802571960300509  0.71515641428887489  0.72232789010278098
  0.72948051011532189  0.73683249955830443  0.74403267191211386  0.75135801570977723
  0.75865865943999355  0.76615925639607108  0.77378755131934507  0.78158496481529272
  0.78941785845864121  0.79726439747812861  0.80533036318082274  0.81368302464533193
  0.82224765062231231  0.83064710142646381  0.83933215101450087  0.84808420335269863
  0.85726571792141304  0.86654174488586111  0.87601248618621474  0.88592025635510929
  0.89621774248567976  0.90679921636533478  0.91751228191343126  0.92919294114199358
  0.94189397397109864  0.95615721974414802  0.97441633683993423  1.00000000000000000
  0.20808937261254087  0.35518620327302958  0.37278186041588091  0.38307154573334323
  0.39085074858379365  0.39718867931223151  0.40233710584148513  0.40700653398830922
  0.41134970193490772  0.41542982443524634  0.41896907192858929  0.42220565733687215
  0.42532878424346454  0.42836526272440628  0.43130803375228899  0.43416543065460511
  0.43696562251319931  0.43949503890025809  0.44196065402226187  0.44439042730313022
  0.44677546082573649  0.44909074921226783  0.45134872190480196  0.45359264983851327
  0.45582859541977250  0.45801830890765610  0.46014365007781094  0.46222569969405236
  0.46428602025283267  0.46633728771460009  0.46839001695013560  0.47040867703460088
  0.47241592846276320  0.47436184665171288  0.47628976394630801  0.47820072860225138
  0.48011711658713913  0.48201326710894077  0.48389512117089650  0.48576484145842774
  0.48761704533891614  0.48946968092179438  0.49133711941199032  0.49319193789317622
  0.49504323848603043  0.49690032095154180  0.49875984513635435  0.50061234138127042
  0.50245083843756666  0.50427933109460066  0.50611009016055930  0.50795413090349451
  0.50981169931135428  0.51167280481843180  0.51353392781499319  0.51540766185411035
  0.51728469360028329  0.51916850105906576  0.52106386280139028  0.52298393408294708
  0.52490252362838452  0.52682366087355248  0.52875616033941375  0.53070542755725403
  0.53268295107173813  0.53468366823924207  0.53668593063223158  0.53868295985762715
  0.54067521618360337  0.54271449712537212  0.54488459169796466  0.54706594911313022
  0.54933478143089498  0.55163103666212498  0.55397714744815896  0.55634545012901404
  0.55873336577238786  0.56119013278523489  0.56379271838945133  0.56658359595707186
  0.56946214728517874  0.57241240601949950  0.57546044449958422  0.57861315373439548
  0.58186412540495924  0.58549617077654736  0.58951989780626179  0.59387818123669500
  0.59867123679933398  0.60397293626778270  0.61080025352655298  0.61870613295560983
  0.62945562268535715  0.64784332329426586  0.78905841894026529  1.00000000000000000
   15.110028626986477       -1.0000000000000000     
 F T T F T T T T T T T T F T T F
