  0.00000000000306387  0.00000000000319897  0.00000000000330828  0.00000000000340405
  0.00000000000350992  0.00000000000361580  0.00000000000371891  0.00000000000382623
  0.00000000000394141  0.00000000000407269  0.00000000000420884  0.00000000000434573
  0.00000000000448414  0.00000000000462497  0.00000000000477045  0.00000000000492006
  0.00000000000507293  0.00000000000522350  0.00000000000540400  0.00000000000559684
  0.00000000000579691  0.00000000000600031  0.00000000000620700  0.00000000000641909
  0.00000000000663780  0.00000000000686127  0.00000000000709083  0.00000000000733923
  0.00000000000761406  0.00000000000791563  0.00000000000822156  0.00000000000853399
  0.00000000000885496  0.00000000000918247  0.00000000000951865  0.00000000000987061
  0.00000000001027973  0.00000000001071933  0.00000000001117013  0.00000000001163089
  0.00000000001210716  0.00000000001260248  0.00000000001310652  0.00000000001364587
  0.00000000001426648  0.00000000001494276  0.00000000001562685  0.00000000001632229
  0.00000000001705477  0.00000000001781528  0.00000000001861688  0.00000000001952267
  0.00000000002052927  0.00000000002156839  0.00000000002263141  0.00000000002373038
  0.00000000002487740  0.00000000002615213  0.00000000002766520  0.00000000002924749
  0.00000000003083057  0.00000000003242624  0.00000000003410967  0.00000000003600456
  0.00000000003827036  0.00000000004077306  0.00000000004338336  0.00000000004600289
  0.00000000004875696  0.00000000005205908  0.00000000005571907  0.00000000005988530
  0.00000000006441315  0.00000000006951336  0.00000000007496081  0.00000000008025747
  0.00000000008531972  0.00000000009068890  0.00000000009703525  0.00000000010447736
  0.00000000011310240  0.00000000012225412  0.00000000013458231  0.00000000014804552
  0.00000000016197739  0.00000000017645579  0.00000000019511057  0.00000000021585011
  0.00000000023728535  0.00000000026912847  0.00000000031075299  0.00000000037287244
  0.00000000048305040  0.00000000055624668  0.00000001487132619  1.00000000000000000
 -0.00233922607816190  0.00975729394482981  0.02020879896954442  0.03071723914708135
  0.04116847088744850  0.05122023916109999  0.06138120890279791  0.07189583589719702
  0.08246367475422918  0.09302244680696543  0.10349063780401643  0.11489294582470747
  0.12586204258359232  0.13661059896990654  0.14723142180197321  0.15785816533374022
  0.16826880648391643  0.17842188844788520  0.18867301607067088  0.19898563105170067
  0.20946141862140091  0.22029895749068307  0.23133979329710255  0.24205765744218813
  0.25279696072026719  0.26353211467510568  0.27445372270072532  0.28520045014718276
  0.29593011361544286  0.30654056764694071  0.31738439362363335  0.32859218708951865
  0.33924770601465887  0.34978149685478582  0.36028582228674438  0.37065184375923554
  0.38087500231085292  0.39081993030852585  0.40112758652239588  0.41157523725195760
  0.42217529190035874  0.43274005711307739  0.44312765761302081  0.45355649498454514
  0.46439052701846201  0.47561570983992540  0.48666795354900722  0.49732013058757224
  0.50772855860991661  0.51804116158235491  0.52817946745876510  0.53831013573324249
  0.54893551053721867  0.56023748508787208  0.57194050568913524  0.58401040300128704
  0.59626956581492330  0.60811033524735514  0.61923210845808374  0.62975898188914525
  0.63987312253657980  0.64996350733631314  0.66029170865491360  0.67080381880873363
  0.68134701913927165  0.69190590266044827  0.70261935044314949  0.71350680474543626
  0.72448992899575992  0.73536600611569047  0.74606413929041426  0.75655788916762012
  0.76684154668410343  0.77695942516775296  0.78706980016755512  0.79727312824923191
  0.80748746917638936  0.81769998904569019  0.82799367319582218  0.83846833786403796
  0.84898052728286344  0.85939728948245342  0.86968994349087436  0.87988598458916700
  0.89007461850258418  0.90035498477643339  0.91047701795884706  0.92043604445718319
  0.93021093886637318  0.93990434607843409  0.94986275706328571  0.96008811663593430
  0.97055000048621698  0.98078919772459539  0.99049252296187618  1.00000000000000000
  0.51076734202596230  0.51481014503595823  0.51913866746839021  0.52404197371353445
  0.52958166652691641  0.53510601580960959  0.54067301020414149  0.54630906913944222
  0.55195472387410016  0.55752004111415232  0.56298692874460776  0.56837785727397572
  0.57379637959217589  0.57930994289434712  0.58481832391271937  0.59022729375710992
  0.59550768951850364  0.60075816088086587  0.60610586847871817  0.61155841722127247
  0.61704926400813853  0.62244483047170296  0.62789241583919964  0.63323931661707822
  0.63854166231523890  0.64373437366659669  0.64879713795776106  0.65385286049855484
  0.65893225381327958  0.66406551551548709  0.66917462960180563  0.67424282503737976
  0.67931429140702970  0.68428837225621642  0.68924024547058493  0.69426116919893255
  0.69932988403976515  0.70451659518511400  0.70969580928271991  0.71485301649617439
  0.71991646775288132  0.72493012543792534  0.72986289283410921  0.73467952985235430
  0.73956539653198550  0.74451697400921335  0.74949985111156092  0.75428563750118105
  0.75901957951063070  0.76375454413505106  0.76848709932540649  0.77318759440310492
  0.77781395135072073  0.78234213578539713  0.78687817983932395  0.79155431974717838
  0.79640138284873552  0.80119924319857017  0.80584094556975661  0.81045750832762442
  0.81515724890811248  0.81985266847638349  0.82457351710305415  0.82927008303287419
  0.83403428391380474  0.83881038969692856  0.84356631765696610  0.84832959959008392
  0.85315304542829040  0.85802877989268977  0.86292568956213411  0.86783268224183663
  0.87274476069087981  0.87768208459703678  0.88264871610710161  0.88752448931917982
  0.89241370730816938  0.89730510690036347  0.90224942083499460  0.90721396578367619
  0.91227644259580365  0.91737311389581955  0.92234687689793327  0.92723483593735623
  0.93206142985052676  0.93696214596920524  0.94216978152820707  0.94741376870241278
  0.95257597606987998  0.95781312196434631  0.96326683281871561  0.96905255235412335
  0.97504659745766320  0.98197704678253195  0.99032365653301224  1.00000000000000000
  0.19372821581165800  0.33912810585269421  0.35628538727496173  0.36689208831012710
  0.37527266804172921  0.38170164203944568  0.38740561406987833  0.39275536948119311
  0.39748819389314238  0.40164928176969500  0.40565002433376424  0.40952608861160944
  0.41322496930459379  0.41675034378322395  0.41995758929209942  0.42302389898297116
  0.42607646327752791  0.42904485769114598  0.43198014947003766  0.43488945027480308
  0.43768412893663650  0.44032946122734246  0.44290470487160094  0.44545309312964576
  0.44795600939815550  0.45045322847723346  0.45294466092540614  0.45543150914955449
  0.45790551648738997  0.46029589272026666  0.46260746364835559  0.46490133694642577
  0.46720140350073591  0.46951324922932947  0.47181674849331307  0.47408143627578986
  0.47630964613554128  0.47852004801365156  0.48071304868572590  0.48290441764682918
  0.48510304522279896  0.48731151023152752  0.48953501920802761  0.49176179732682562
  0.49399182177865314  0.49616829998366413  0.49833490738884595  0.50049759810544969
  0.50266422578171577  0.50485339101575533  0.50704366715608262  0.50923714054383307
  0.51142374464320650  0.51359485414788897  0.51576402650159869  0.51793662603321444
  0.52009538357324026  0.52233428082007616  0.52459522060929897  0.52684879873369206
  0.52912231157351652  0.53141435362869760  0.53374641261091438  0.53610219239665780
  0.53846055519389624  0.54082171179137095  0.54320848753339501  0.54562517274196776
  0.54805378849420183  0.55054951643917149  0.55309341961492564  0.55569410491226923
  0.55832369132190884  0.56097853053327018  0.56371777417307201  0.56656520046652969
  0.56949812154595836  0.57246901321420063  0.57552957781782144  0.57864545610196017
  0.58186275354032790  0.58525822572498021  0.58884447650079141  0.59256851041293879
  0.59643317033844045  0.60044427817856982  0.60472623762310584  0.60966311000148488
  0.61496153819761334  0.62067211637881414  0.62743516980493097  0.63585854202750469
  0.64688099271360289  0.66705306869767478  0.80285871073355042  1.00000000000000000
   4297.0797690589452       -1.0000000000000000     
 F F F F T F F T T F F T F F F F
