  0.00000000000305858  0.00000000000321678  0.00000000000331943  0.00000000000342392
  0.00000000000352446  0.00000000000362308  0.00000000000372305  0.00000000000382575
  0.00000000000393431  0.00000000000405158  0.00000000000417408  0.00000000000429647
  0.00000000000442101  0.00000000000454953  0.00000000000468130  0.00000000000481678
  0.00000000000495566  0.00000000000509589  0.00000000000524506  0.00000000000540620
  0.00000000000557840  0.00000000000576077  0.00000000000594830  0.00000000000614095
  0.00000000000634029  0.00000000000654426  0.00000000000675226  0.00000000000696455
  0.00000000000718164  0.00000000000741907  0.00000000000768411  0.00000000000795754
  0.00000000000823511  0.00000000000852432  0.00000000000882494  0.00000000000913934
  0.00000000000946734  0.00000000000979829  0.00000000001016672  0.00000000001057466
  0.00000000001100008  0.00000000001144572  0.00000000001190773  0.00000000001239178
  0.00000000001289658  0.00000000001340163  0.00000000001398558  0.00000000001462306
  0.00000000001528748  0.00000000001598120  0.00000000001670028  0.00000000001744318
  0.00000000001819578  0.00000000001902797  0.00000000001997269  0.00000000002097263
  0.00000000002201346  0.00000000002312170  0.00000000002427970  0.00000000002552194
  0.00000000002692929  0.00000000002845654  0.00000000003006739  0.00000000003175936
  0.00000000003350802  0.00000000003540876  0.00000000003764235  0.00000000004014857
  0.00000000004281111  0.00000000004558604  0.00000000004865618  0.00000000005212571
  0.00000000005602437  0.00000000006021754  0.00000000006481562  0.00000000007002197
  0.00000000007573955  0.00000000008158630  0.00000000008731851  0.00000000009389313
  0.00000000010224647  0.00000000011144318  0.00000000012109950  0.00000000013241598
  0.00000000014518603  0.00000000015853468  0.00000000017439776  0.00000000019501006
  0.00000000021906028  0.00000000024814162  0.00000000028073973  0.00000000032003372
  0.00000000038081998  0.00000000048708044  0.00000000485223150  1.00000000000000000
 -0.00228659541467655  0.00898325074303306  0.01873840136744556  0.02925709064335016
  0.03960252034917260  0.05062706353383029  0.06166321616144470  0.07234371019216944
  0.08289988453624977  0.09349055981444516  0.10412532014924085  0.11486818375082943
  0.12538791782316508  0.13593126090716373  0.14624233055060490  0.15666875766142119
  0.16708783891701118  0.17763192836433647  0.18801673983355588  0.19830081066226676
  0.20850955850802991  0.21881579525898284  0.22922197342167278  0.23967488030269887
  0.25021390862383791  0.26101849895560353  0.27170658410517107  0.28226280419721206
  0.29299261097751905  0.30390534251094581  0.31477615091719074  0.32522368431450954
  0.33551999235829738  0.34571044208872886  0.35617343792313794  0.36690701191438752
  0.37760870720270817  0.38812914966006112  0.39875981790738330  0.40964466281108691
  0.42042808209250371  0.43108064193644752  0.44164512874403283  0.45198415620831101
  0.46245153761932750  0.47297786090278643  0.48353005484729239  0.49399062109601277
  0.50470017975132453  0.51570820798969430  0.52631714138251995  0.53668809421481045
  0.54718905855316513  0.55791849640071223  0.56856406532458703  0.57891455464965225
  0.58942304739308182  0.59994155075826849  0.61055101516557864  0.62112683921495038
  0.63183095830044289  0.64263922506047910  0.65359048367698547  0.66464874750719671
  0.67563046648136471  0.68657225150851808  0.69726192414257815  0.70774554412738044
  0.71790183892719706  0.72806443501117346  0.73842451778442730  0.74898005785817490
  0.75982912304311978  0.77069079762429671  0.78136910620329969  0.79194254273614617
  0.80243649909882753  0.81286985785351906  0.82315938560759006  0.83352873060152644
  0.84404784208813233  0.85444367523502340  0.86475107042727384  0.87498726711134922
  0.88544337424757757  0.89589003736249961  0.90659237148843008  0.91726367165512368
  0.92779301875589293  0.93814413119007634  0.94842525008283773  0.95874796244928140
  0.96897766521441087  0.97924477512624941  0.98961138313423913  1.00000000000000000
  0.50938107668612043  0.51481026112362449  0.52006919678096319  0.52587631320919559
  0.53220970190341843  0.53829960671760557  0.54424527047431048  0.55005271407276979
  0.55579772337198308  0.56155832250287963  0.56724454917083456  0.57290086487672309
  0.57856421645091582  0.58414636336943637  0.58968322617907210  0.59519322308838907
  0.60069909307578906  0.60615099283031337  0.61149514130158322  0.61676402726831647
  0.62197242546216380  0.62711551832947354  0.63221323069338020  0.63730637420709280
  0.64242536003567952  0.64754859609527315  0.65264071196894058  0.65768986108494032
  0.66272881631139036  0.66778085298352408  0.67283500708879707  0.67786290672392402
  0.68283209714495330  0.68778230504352722  0.69274823400542507  0.69772285482232066
  0.70266124669100172  0.70758203201940295  0.71249049256014996  0.71742450655704504
  0.72238605097916364  0.72732702794521109  0.73220676653068895  0.73702581169819137
  0.74180238879371085  0.74655948815786422  0.75127036543964731  0.75594216238432232
  0.76063177587078146  0.76532190477354833  0.77000911526618110  0.77470961496839774
  0.77944388863248848  0.78421808499172896  0.78897923273199011  0.79368755322998663
  0.79835238235502115  0.80300579872344624  0.80767569488953705  0.81235923625868733
  0.81704517497901064  0.82170660209001778  0.82633840950063531  0.83097623693095390
  0.83562131941514650  0.84028323775389779  0.84493981947060615  0.84959183730567245
  0.85425655992704919  0.85896002574878660  0.86369140500785169  0.86838804222910460
  0.87303418328551841  0.87766906516806042  0.88231201170459339  0.88700680583119174
  0.89160741967616064  0.89625572962366173  0.90101784472497282  0.90583237267398065
  0.91069230925144218  0.91558342776363855  0.92055811893971407  0.92552634643744958
  0.93046235477421990  0.93542262161095158  0.94051889874875916  0.94576811473000855
  0.95105716380316929  0.95643497185917026  0.96204859477582905  0.96798275296479452
  0.97427195366980901  0.98111283180884301  0.98949299413459024  1.00000000000000000
  0.18637338916170329  0.34374250171088927  0.36198712920813408  0.37266463410511164
  0.38022356875400781  0.38639488041699166  0.39203177568631953  0.39703731180373114
  0.40137510862099424  0.40549019127613656  0.40940068335750424  0.41309793895830516
  0.41659668953227741  0.41984612026162610  0.42292327633709592  0.42594707784917096
  0.42888953443654998  0.43179166540762243  0.43462269576337487  0.43738005567798310
  0.44002686038220412  0.44259443329074005  0.44511683971006738  0.44761803530742889
  0.45004929518448111  0.45244775505195017  0.45482466078119416  0.45717783935002254
  0.45948557370695403  0.46174296880785709  0.46397681965397553  0.46620281438719352
  0.46840453134584759  0.47058831795643752  0.47274815433596418  0.47487810572986539
  0.47700633287036820  0.47911073371825935  0.48118838811140907  0.48325212650244997
  0.48530756816718895  0.48735674641938787  0.48939316167642388  0.49142090698121893
  0.49344967660508526  0.49548237945298079  0.49751846240530234  0.49955187759785541
  0.50158122060884647  0.50361235871669507  0.50565906441242259  0.50771427496886523
  0.50980246210028268  0.51189053934356277  0.51397636387424162  0.51605990597076679
  0.51814498003692266  0.52024589189207981  0.52238075308794008  0.52454976985085089
  0.52673536126617382  0.52892668767627937  0.53112052235840668  0.53331432890275554
  0.53551947863780258  0.53775234929638649  0.54001035438381206  0.54229965529643642
  0.54464414503520686  0.54702470267671444  0.54942715974445511  0.55186864323169249
  0.55434013391538517  0.55685442249413097  0.55940528678013379  0.56201943078274730
  0.56480281441219449  0.56766542387409669  0.57055437072411208  0.57352819594047766
  0.57661575074975047  0.57979586587202803  0.58309997779427125  0.58666633894804998
  0.59039844692055266  0.59432217082592909  0.59849655720761563  0.60283981670655540
  0.60801754777943540  0.61368825856692266  0.62011018123125383  0.62824401391875662
  0.63951047696875118  0.65970408156754112  0.81139857776536206  1.00000000000000000
   787.43076674781639       -1.0000000000000000     
 F F F F T F F T T F F T F F F F
