  0.00000000000187031  0.00000000000196214  0.00000000000205903  0.00000000000214838
  0.00000000000224735  0.00000000000234500  0.00000000000244148  0.00000000000253834
  0.00000000000263551  0.00000000000273224  0.00000000000283114  0.00000000000294438
  0.00000000000305600  0.00000000000316776  0.00000000000328091  0.00000000000339597
  0.00000000000351352  0.00000000000363350  0.00000000000375556  0.00000000000388379
  0.00000000000402382  0.00000000000417013  0.00000000000431791  0.00000000000446860
  0.00000000000462298  0.00000000000478075  0.00000000000494256  0.00000000000510839
  0.00000000000528052  0.00000000000546746  0.00000000000567023  0.00000000000587899
  0.00000000000609203  0.00000000000631123  0.00000000000653699  0.00000000000676861
  0.00000000000700855  0.00000000000725833  0.00000000000752577  0.00000000000783093
  0.00000000000813431  0.00000000000845399  0.00000000000878341  0.00000000000912436
  0.00000000000947502  0.00000000000984604  0.00000000001024387  0.00000000001068729
  0.00000000001115343  0.00000000001164366  0.00000000001215741  0.00000000001269114
  0.00000000001323042  0.00000000001382464  0.00000000001447724  0.00000000001516186
  0.00000000001587807  0.00000000001664070  0.00000000001744435  0.00000000001830149
  0.00000000001925292  0.00000000002031254  0.00000000002143511  0.00000000002259832
  0.00000000002381853  0.00000000002514566  0.00000000002668566  0.00000000002840892
  0.00000000003023112  0.00000000003208628  0.00000000003398748  0.00000000003610258
  0.00000000003845784  0.00000000004100533  0.00000000004369220  0.00000000004655348
  0.00000000004980060  0.00000000005344522  0.00000000005737110  0.00000000006168430
  0.00000000006669199  0.00000000007292259  0.00000000007981808  0.00000000008692159
  0.00000000009548955  0.00000000010706545  0.00000000011851752  0.00000000013164459
  0.00000000014794570  0.00000000016682505  0.00000000019528367  0.00000000022769199
  0.00000000028012396  0.00000000035315615  0.00000000188741042  1.00000000000000000
 -0.00228217284088821  0.00918861628262325  0.01936146072637078  0.02963602964632030
  0.04015609212604668  0.05025058471382660  0.06038964202073103  0.07075086905760572
  0.08120699543359181  0.09189413097216750  0.10261884637827078  0.11320252949717914
  0.12385551789011856  0.13445390559187653  0.14517812208057457  0.15585533667158452
  0.16646211741861552  0.17732125847986441  0.18798073737899090  0.19859186724635888
  0.20922601729120419  0.21992146193480627  0.23051320240044276  0.24119535388654031
  0.25179020026928078  0.26258418171237047  0.27304643307547527  0.28358752432124334
  0.29417533876410429  0.30490324603640229  0.31552810706109968  0.32606217451542796
  0.33666319740609280  0.34744604316206135  0.35816436781114513  0.36867176744205987
  0.37912985423334217  0.38954831177117316  0.40016191804944412  0.41074154088630732
  0.42120437483531420  0.43162697801423855  0.44199539568872009  0.45252231510776830
  0.46272666363498921  0.47295793221716304  0.48317364286886688  0.49353136252572943
  0.50389372758843176  0.51449076751890643  0.52509486856816656  0.53572420098132545
  0.54625174264914322  0.55689688560201112  0.56745176133560538  0.57795068752141088
  0.58859718677155870  0.59920132291732509  0.60963738274247803  0.61998010851591978
  0.63035101931910520  0.64090194122626321  0.65157974343441449  0.66259077658369991
  0.67344713608687867  0.68403654388285051  0.69449786110403733  0.70485066054863588
  0.71537959633875758  0.72575141437952739  0.73601285807833350  0.74610398338654416
  0.75645063654236955  0.76714183182236728  0.77766798959037509  0.78794732905273501
  0.79822608247468918  0.80879158023766906  0.81932429860123535  0.82979189767252426
  0.84024331017977916  0.85074589373359677  0.86135770050312233  0.87199414519746510
  0.88272879245242031  0.89338148420494656  0.90400238113822418  0.91456668097772598
  0.92509739000782376  0.93569612510267075  0.94620343277005248  0.95665865038384745
  0.96737223923067395  0.97849892056891496  0.98927334193342231  1.00000000000000000
  0.51053984888014592  0.51388216414262988  0.51884395999644983  0.52385883569153024
  0.52932617909552604  0.53479290021758430  0.54014314196251867  0.54539345799613459
  0.55065545536456018  0.55600111982640510  0.56134460024203570  0.56656173368183271
  0.57168073130565245  0.57678425898637775  0.58193151519896047  0.58708823602495863
  0.59224747260143851  0.59743713854419422  0.60260617684331008  0.60770406987767556
  0.61274920453759907  0.61773839889630811  0.62264047425635016  0.62747377306819829
  0.63228356593906387  0.63714132416171143  0.64200651781419149  0.64689503003248472
  0.65179090526680628  0.65667257544159463  0.66150154855944665  0.66628804337801140
  0.67112756682776220  0.67605653596806270  0.68105838275950725  0.68604577953620649
  0.69095891396458886  0.69579155978394536  0.70056806097503754  0.70534456600651585
  0.71010937247392814  0.71492635122524251  0.71975617396369473  0.72459428894754496
  0.72940641093053560  0.73416134758309659  0.73887801241648210  0.74356757196881695
  0.74828568517597571  0.75300861360928018  0.75774939589861501  0.76248866481715816
  0.76722794370318526  0.77200259052738307  0.77682249568858652  0.78165509828835833
  0.78646242042126346  0.79123651662898209  0.79600711393300516  0.80074965867858561
  0.80552316297985560  0.81029231178611838  0.81509887731270625  0.81985843864474994
  0.82458527131537596  0.82930753002612134  0.83404866228786367  0.83881078638538920
  0.84361540514477773  0.84843755788633501  0.85335520223506323  0.85832997859370108
  0.86338797564774528  0.86837582813873126  0.87331050506004904  0.87821000869301447
  0.88309151422382226  0.88805287229423580  0.89308777509769732  0.89826005573898271
  0.90354766816319365  0.90875677094343366  0.91397502019031462  0.91924437386006630
  0.92457805271974691  0.93000202268358678  0.93543734022496827  0.94099286049529218
  0.94666878559990830  0.95245004036969483  0.95848297066271437  0.96489117040792471
  0.97173697341231446  0.97918380225680690  0.98838239249987070  1.00000000000000000
  0.18348674575098212  0.34390339114132240  0.36198877182394773  0.37250731379239416
  0.38017582049340382  0.38644038047882512  0.39209262878460543  0.39704489738665538
  0.40139098494334985  0.40547995046547564  0.40939278045229799  0.41311387903789742
  0.41663965799189662  0.41993891001556144  0.42309821596586022  0.42618500732872378
  0.42915756691821388  0.43203719584474842  0.43486361779728189  0.43761269281009496
  0.44028009125991013  0.44286953098294662  0.44542524494321012  0.44791516867157793
  0.45034558829352139  0.45274076597930812  0.45511839441494711  0.45748956670343105
  0.45981232861417665  0.46208038843956417  0.46432898404499184  0.46655458629715696
  0.46876115918685901  0.47094214963498460  0.47312510192254087  0.47529945089537362
  0.47746242526622479  0.47961068650438404  0.48173406349594350  0.48384148627158624
  0.48594353393266254  0.48803987793369896  0.49012414505699325  0.49219823687172598
  0.49425115896305483  0.49630216577502201  0.49834391315256021  0.50039397941561947
  0.50245796320802105  0.50451293963318566  0.50655902363740146  0.50860817601943431
  0.51066762335899674  0.51274166112002584  0.51483953886352085  0.51694724039248152
  0.51905918068300005  0.52119462018977669  0.52336016562349652  0.52553289812879989
  0.52770223854613818  0.52987404116728765  0.53205122406488592  0.53424180710857361
  0.53645262488229184  0.53869618764754756  0.54098353044406522  0.54331580744271513
  0.54567313628680825  0.54804020817036148  0.55042257864541877  0.55283435408690662
  0.55527606459556844  0.55774612430250869  0.56027086173651042  0.56283401285091295
  0.56565658905284899  0.56849032268070232  0.57140948296741567  0.57441350254054180
  0.57750003746049405  0.58064368486148155  0.58397081789504024  0.58759046852246044
  0.59139297996900742  0.59531879512473551  0.59943173601012134  0.60372107125004082
  0.60892175506032808  0.61459895887456517  0.62104533436234233  0.62905668597697162
  0.64025684739571009  0.66063436622316718  0.80986242505989692  1.00000000000000000
   1254.5106246885582       -1.0000000000000000     
 F T T F T T T T T T T T F T T F
