  0.00000000000180167  0.00000000000192825  0.00000000000201821  0.00000000000210150
  0.00000000000219961  0.00000000000229630  0.00000000000239021  0.00000000000248461
  0.00000000000258135  0.00000000000267904  0.00000000000277807  0.00000000000288830
  0.00000000000300258  0.00000000000311844  0.00000000000323547  0.00000000000335386
  0.00000000000347395  0.00000000000359615  0.00000000000371946  0.00000000000384161
  0.00000000000399248  0.00000000000414376  0.00000000000429896  0.00000000000446191
  0.00000000000463156  0.00000000000480533  0.00000000000498134  0.00000000000515762
  0.00000000000534111  0.00000000000555165  0.00000000000577772  0.00000000000600506
  0.00000000000623877  0.00000000000647672  0.00000000000671704  0.00000000000695470
  0.00000000000721026  0.00000000000748966  0.00000000000779252  0.00000000000811791
  0.00000000000845493  0.00000000000880383  0.00000000000916225  0.00000000000953119
  0.00000000000988245  0.00000000001033349  0.00000000001081001  0.00000000001129507
  0.00000000001180130  0.00000000001233096  0.00000000001287191  0.00000000001343743
  0.00000000001406599  0.00000000001475633  0.00000000001546960  0.00000000001619299
  0.00000000001694272  0.00000000001771973  0.00000000001855928  0.00000000001951951
  0.00000000002059163  0.00000000002172622  0.00000000002287528  0.00000000002402908
  0.00000000002522577  0.00000000002659731  0.00000000002819085  0.00000000002987420
  0.00000000003164551  0.00000000003352777  0.00000000003560003  0.00000000003805445
  0.00000000004063833  0.00000000004332092  0.00000000004615100  0.00000000004924445
  0.00000000005286919  0.00000000005695889  0.00000000006157827  0.00000000006586960
  0.00000000007135434  0.00000000007705984  0.00000000008295050  0.00000000008896935
  0.00000000009703106  0.00000000010765418  0.00000000012191956  0.00000000013473926
  0.00000000015003838  0.00000000016969333  0.00000000018954283  0.00000000021367065
  0.00000000024597284  0.00000000029670727  0.00000000124080979  1.00000000000000000
 -0.00282892447128371  0.01034013446583837  0.02150900684211278  0.03189698073190744
  0.04256127577171932  0.05344955289952813  0.06437333871282508  0.07541932168886270
  0.08672754446574010  0.09831320202035659  0.10959990262796958  0.12066061508354145
  0.13132030438893214  0.14183885606227975  0.15212596477140033  0.16231367895129545
  0.17248374877352715  0.18266222720848876  0.19325064551862708  0.20363952655360712
  0.21397747566266381  0.22436741153340953  0.23482792720778181  0.24567113256992001
  0.25637932097865501  0.26684314756982147  0.27696785646377964  0.28699928926055096
  0.29706134610229251  0.30703091593953291  0.31716445875444166  0.32716851064833119
  0.33750566276608873  0.34815865670144780  0.35914294427025045  0.37029112682529908
  0.38106290511956498  0.39151124349204397  0.40209136306383608  0.41273727746638761
  0.42343474909769635  0.43405330428115613  0.44475208940763200  0.45563820111809777
  0.46611003746405261  0.47632866975576860  0.48641645280422585  0.49690354691988220
  0.50783119075247474  0.51899432098428533  0.53004243752384683  0.54074073950304435
  0.55103472952144505  0.56123996720946723  0.57153997018863345  0.58184528887134701
  0.59194101353004080  0.60181921106648273  0.61200807086089748  0.62224294868136731
  0.63219509112470051  0.64205403500494018  0.65248120922986319  0.66313808840020838
  0.67379526121691313  0.68442925746833960  0.69540332836777652  0.70650465751503011
  0.71721160237418091  0.72796342748911314  0.73842099035017517  0.74877706715001879
  0.75877955117899176  0.76877398112416540  0.77888610566802385  0.78895970996538700
  0.79924634201202771  0.80966854823450585  0.82048240005713147  0.83148572788405239
  0.84222675080782305  0.85299067216840818  0.86343007079592105  0.87420418232435626
  0.88456822075844699  0.89517302216747363  0.90553952131928472  0.91595195337323865
  0.92628827342267273  0.93689645378690667  0.94763805698442949  0.95847299858659896
  0.96898254751231339  0.97943130010423496  0.98972224030532208  1.00000000000000000
  0.51277649040208484  0.51637623986463799  0.52014598218221886  0.52494621903118244
  0.53028599704271895  0.53557272673290868  0.54080503698594340  0.54596236461414338
  0.55102002943713335  0.55605773967609562  0.56109919195208424  0.56611453009305257
  0.57107205632787883  0.57598275964838364  0.58086200746611549  0.58570157277454205
  0.59051885638254309  0.59535926908915970  0.60020220571021454  0.60506206143823205
  0.61000999013477386  0.61495347279588175  0.61983483765011993  0.62470577445204667
  0.62966737066978029  0.63475764545756919  0.63989380872307355  0.64498723660526380
  0.64999417401790105  0.65488449770437940  0.65973652065272625  0.66459086490634101
  0.66949883251659426  0.67445544019330594  0.67944384038289751  0.68441424082234870
  0.68927771043849118  0.69403191986881951  0.69872822372671939  0.70343639257307067
  0.70820023389185460  0.71293613904472242  0.71764925621482356  0.72233268224240776
  0.72703218855302920  0.73169576029865846  0.73627930234262695  0.74091155921827390
  0.74561574244651985  0.75036709443935301  0.75516847631009232  0.75994444440864328
  0.76470033837400797  0.76943974004982563  0.77420400728451777  0.77898425366126789
  0.78376601352459618  0.78857228264988966  0.79352065663959614  0.79857069977573714
  0.80367362767490302  0.80878493140987040  0.81379800728514284  0.81865127755164246
  0.82346600630337874  0.82830991531598652  0.83333240382934526  0.83832814362305252
  0.84334993184913754  0.84839002718741441  0.85340187120346700  0.85850279487692771
  0.86360685667588133  0.86880751774332221  0.87400781873049960  0.87917271571582933
  0.88432508656622866  0.88947418805027934  0.89466877870657058  0.90000207661575593
  0.90527735025047473  0.91041313211904462  0.91540474988405274  0.92048904641945406
  0.92570729500337634  0.93117444348248068  0.93682227513192429  0.94263510718478660
  0.94847634573804096  0.95429009717503144  0.96018947334675819  0.96643514180453383
  0.97313735102901133  0.98052977105167893  0.98920049065314175  1.00000000000000000
  0.19245185546638699  0.33633864526899371  0.35454503711374236  0.36533460259743850
  0.37386732415175722  0.38058569842815015  0.38634300530225379  0.39163655134460124
  0.39644449702277601  0.40069892974286592  0.40470113252390683  0.40849662905467038
  0.41211917608210979  0.41563827519580232  0.41903177802489039  0.42226801192332936
  0.42542657632560194  0.42848786061205224  0.43145717167465875  0.43444644415451877
  0.43731293856012876  0.44006436073249267  0.44271585645154460  0.44531435471982983
  0.44787462485037843  0.45038473703032528  0.45285798418057938  0.45531332568595018
  0.45775153402614654  0.46017296037543631  0.46258436112110873  0.46497269506976602
  0.46733606630440755  0.46960961544957303  0.47187520886388679  0.47412665380689506
  0.47636582680913125  0.47861371518413431  0.48079907687866674  0.48295446999974262
  0.48512269057715263  0.48729137058729394  0.48944208391456273  0.49157304173086697
  0.49368602518580534  0.49583625759157951  0.49800890239172491  0.50021569754446826
  0.50242095925074226  0.50463055991609174  0.50681157189972759  0.50897529819620158
  0.51113814166072513  0.51329658502675612  0.51546332439031972  0.51766313287859156
  0.51987041576725335  0.52206390941487546  0.52426229230953325  0.52648271801103674
  0.52871778358718302  0.53100126966162375  0.53330429939848190  0.53563008803798773
  0.53794940341916353  0.54027981389016599  0.54267412264541737  0.54515408379126196
  0.54767985968778576  0.55020229962142009  0.55272282932741590  0.55526195460789085
  0.55781069646306403  0.56040474057039003  0.56305427631280525  0.56589549427722585
  0.56879483123465058  0.57178497046918741  0.57485319289881820  0.57799007905804500
  0.58114516375895986  0.58446961987178370  0.58808823676632216  0.59185315679877448
  0.59582900039333808  0.59998478094928243  0.60433844094457789  0.60948240665939812
  0.61496240729424834  0.62093822545837452  0.62791364797995264  0.63671097781996522
  0.64820085933100602  0.66812635430059464  0.80623052522054650  1.00000000000000000
   5139.3207959998526       -1.0000000000000000     
 F T T F T T T T T T T T F T T F
