  0.00000000000301933  0.00000000000321477  0.00000000000332485  0.00000000000342938
  0.00000000000353385  0.00000000000363843  0.00000000000374302  0.00000000000385410
  0.00000000000397385  0.00000000000410054  0.00000000000423235  0.00000000000436636
  0.00000000000450480  0.00000000000464639  0.00000000000479044  0.00000000000493847
  0.00000000000508857  0.00000000000523801  0.00000000000541209  0.00000000000560712
  0.00000000000580420  0.00000000000600619  0.00000000000621286  0.00000000000642596
  0.00000000000664457  0.00000000000686802  0.00000000000708670  0.00000000000733892
  0.00000000000761381  0.00000000000790516  0.00000000000820754  0.00000000000851732
  0.00000000000883563  0.00000000000916426  0.00000000000949556  0.00000000000983624
  0.00000000001022608  0.00000000001065384  0.00000000001111405  0.00000000001159284
  0.00000000001208246  0.00000000001257854  0.00000000001308371  0.00000000001359979
  0.00000000001421125  0.00000000001487954  0.00000000001556364  0.00000000001627170
  0.00000000001701559  0.00000000001778102  0.00000000001857396  0.00000000001950521
  0.00000000002052686  0.00000000002158280  0.00000000002269403  0.00000000002385711
  0.00000000002504881  0.00000000002643755  0.00000000002800905  0.00000000002962622
  0.00000000003125467  0.00000000003290383  0.00000000003457885  0.00000000003663644
  0.00000000003907576  0.00000000004161036  0.00000000004419782  0.00000000004670007
  0.00000000004955169  0.00000000005284368  0.00000000005655977  0.00000000006058473
  0.00000000006470745  0.00000000006950268  0.00000000007512497  0.00000000008118218
  0.00000000008735506  0.00000000009424941  0.00000000010235457  0.00000000011118229
  0.00000000012031991  0.00000000013128760  0.00000000014493649  0.00000000015857858
  0.00000000017436005  0.00000000019208143  0.00000000021215061  0.00000000023346457
  0.00000000025973434  0.00000000029029933  0.00000000035274861  0.00000000042841410
  0.00000000048445063  0.00000000061826439  0.00000000374810136  1.00000000000000000
 -0.00220741576432559  0.00965418401751313  0.01941983240734039  0.02988831612371915
  0.04024389685906930  0.05109132946266975  0.06172970188482645  0.07275007820000277
  0.08362197324376226  0.09409821639152459  0.10461658548217502  0.11502299652644432
  0.12541712654847240  0.13581338047412561  0.14653335960408270  0.15791856665900819
  0.16898253534501204  0.17951062078843774  0.19004397149512142  0.20086240975466479
  0.21173416650125304  0.22243402995120204  0.23317158711322411  0.24408686838120003
  0.25500455556166896  0.26595126573409716  0.27656554048123816  0.28715627050884562
  0.29747738706393978  0.30780112618606220  0.31783265711636954  0.32787151591358205
  0.33795677226372650  0.34839963568937687  0.35886558223161491  0.36959272322720754
  0.38052856127469892  0.39160004079886601  0.40230683675464302  0.41294157815615329
  0.42394890001010671  0.43516476363782147  0.44608354562238423  0.45691991162495021
  0.46785476033971507  0.47874460787462664  0.48943218557758017  0.50003403479663522
  0.51048885191214888  0.52072639117164676  0.53077085691311932  0.54073327406933769
  0.55078347102124414  0.56051943679232452  0.57081397959191016  0.58112240833109241
  0.59194217989318509  0.60257291025367188  0.61292148072733399  0.62302236564735980
  0.63347657268033764  0.64396393703643040  0.65464203432389667  0.66544519228266830
  0.67616580027613127  0.68667033353546347  0.69698270293184950  0.70727582412683665
  0.71779861759410435  0.72834287974624912  0.73908021070451135  0.74994023819980304
  0.76102386587028581  0.77203647468718561  0.78258903376144073  0.79300962239149408
  0.80357340271693567  0.81429704572206363  0.82493344821600256  0.83536725638609133
  0.84563301170226401  0.85594704692233781  0.86634946683467962  0.87655146866889411
  0.88640799752854560  0.89625662853467758  0.90609886140263585  0.91574828245034889
  0.92532742072485508  0.93483917589310905  0.94508656589800666  0.95536235102742584
  0.96626709140297617  0.97724720254407671  0.98866141882473868  1.00000000000000000
  0.51081503134198003  0.51455510630136614  0.51811675431078308  0.52247384481553916
  0.52805825240612847  0.53364291751589665  0.53921196339915567  0.54473381673153942
  0.55022031263131321  0.55553052674504799  0.56080121377149006  0.56618878535752803
  0.57168578842112439  0.57719698831131927  0.58267176585971636  0.58807183449063882
  0.59339469651239130  0.59868126311252146  0.60406087993633684  0.60950293740701555
  0.61498559000917452  0.62037906421806088  0.62574603004282092  0.63105162379600888
  0.63634888517590349  0.64160091381767947  0.64679122030866443  0.65203957701858895
  0.65734859108347310  0.66266003546689545  0.66792221989591793  0.67312084211714551
  0.67832281476074185  0.68347686565402566  0.68862037684447297  0.69372400298759862
  0.69881798326106725  0.70393582289822965  0.70905488985723386  0.71408147515829290
  0.71904300448853398  0.72396840474156277  0.72887360637027243  0.73372950326232311
  0.73857228135149666  0.74340293064349960  0.74823226104467300  0.75303034097426291
  0.75783973175037811  0.76261566539265291  0.76743212091669077  0.77226389400777284
  0.77712412783314799  0.78200022942024427  0.78686187087138926  0.79171448678808820
  0.79652263296219361  0.80134695738807116  0.80622590903409319  0.81111389841339898
  0.81594813331398952  0.82072092862653256  0.82546499229606407  0.83019921857069945
  0.83493816855077307  0.83968169642619928  0.84441045590632080  0.84908500181489166
  0.85373435037444678  0.85838725889646039  0.86304550007230063  0.86771909169223982
  0.87238666870818959  0.87710470234864713  0.88194967758353515  0.88681701563421678
  0.89175274872007326  0.89662860241570674  0.90159894114460692  0.90648937492706161
  0.91141954716640872  0.91636262270685453  0.92142117668153323  0.92648913059556248
  0.93153258136550932  0.93665318207658932  0.94188728742651073  0.94724434886095765
  0.95267352202591249  0.95821218303897615  0.96392485060657007  0.96983446441432553
  0.97600840346847917  0.98265013066323392  0.99044960278435656  1.00000000000000000
  0.19034032755420463  0.33498388967211756  0.35355195829028269  0.36451271276226427
  0.37318263222292636  0.38003369738233433  0.38591059781057602  0.39131722000348446
  0.39617978956272915  0.40049657792321042  0.40456009754822808  0.40847918397865263
  0.41224170761344370  0.41582130656602745  0.41919041654673794  0.42235121517871044
  0.42547531364323993  0.42847677026609587  0.43144913138426227  0.43437410923780745
  0.43721134181652899  0.43993944737295892  0.44257111971348800  0.44516716211121754
  0.44770246126049412  0.45019101862707067  0.45264499232703465  0.45509068805255137
  0.45752365538428708  0.45990326676312976  0.46223414064842483  0.46455768833978833
  0.46684557950580702  0.46910280205154797  0.47133894714368263  0.47355572769432347
  0.47575941820264778  0.47797665261118916  0.48017410776866132  0.48236471677449277
  0.48454961818988440  0.48672785336715169  0.48889603241190521  0.49105063931691839
  0.49319156778936246  0.49530149338935392  0.49742385953223656  0.49956342452306940
  0.50172793834834439  0.50393251973543540  0.50612350224594127  0.50830914490315648
  0.51049102168329663  0.51267538896165143  0.51486651892858715  0.51706107561969961
  0.51925897260917686  0.52147378789949206  0.52371772329632527  0.52597121942279557
  0.52824429298969278  0.53055704273078785  0.53287979887017101  0.53521832746825637
  0.53754502604396348  0.53988479692847857  0.54226952072309531  0.54472308476991560
  0.54722604095744010  0.54973645912242541  0.55226011925116791  0.55480691673129146
  0.55738782765061912  0.55997996997949195  0.56264114130804233  0.56547639538943928
  0.56838076137864446  0.57136254769989137  0.57438959347614837  0.57750048829398759
  0.58069452824973322  0.58411339420460395  0.58777962816859919  0.59155811855370488
  0.59544203077385327  0.59946438301163052  0.60371076576705773  0.60860323843679576
  0.61399869404420993  0.61989734890928827  0.62682277753325111  0.63550724084696397
  0.64672857482523516  0.66699530510858596  0.80438054986630492  1.00000000000000000
   1548.1987071432143       -1.0000000000000000     
 F F F F T F F T T F F T F F F F
