  0.00000000000302347  0.00000000000316605  0.00000000000327276  0.00000000000336690
  0.00000000000346833  0.00000000000356895  0.00000000000366865  0.00000000000376641
  0.00000000000387295  0.00000000000398853  0.00000000000411501  0.00000000000424232
  0.00000000000437138  0.00000000000450312  0.00000000000463839  0.00000000000477823
  0.00000000000492200  0.00000000000506844  0.00000000000521929  0.00000000000538016
  0.00000000000557509  0.00000000000577483  0.00000000000597702  0.00000000000618331
  0.00000000000639421  0.00000000000660999  0.00000000000683142  0.00000000000705568
  0.00000000000729559  0.00000000000758740  0.00000000000789318  0.00000000000820202
  0.00000000000851675  0.00000000000883850  0.00000000000916824  0.00000000000950221
  0.00000000000984801  0.00000000001024627  0.00000000001068520  0.00000000001114658
  0.00000000001162368  0.00000000001211637  0.00000000001262001  0.00000000001313689
  0.00000000001367326  0.00000000001430908  0.00000000001501741  0.00000000001574510
  0.00000000001650046  0.00000000001727728  0.00000000001805751  0.00000000001886246
  0.00000000001987329  0.00000000002096931  0.00000000002211226  0.00000000002331161
  0.00000000002455672  0.00000000002577648  0.00000000002732278  0.00000000002897589
  0.00000000003071535  0.00000000003255795  0.00000000003446310  0.00000000003656781
  0.00000000003891305  0.00000000004137576  0.00000000004396134  0.00000000004672928
  0.00000000004979368  0.00000000005339974  0.00000000005723134  0.00000000006130980
  0.00000000006541340  0.00000000007066065  0.00000000007631009  0.00000000008248558
  0.00000000008813961  0.00000000009478437  0.00000000010233605  0.00000000011020283
  0.00000000011842539  0.00000000012900748  0.00000000014175220  0.00000000015641733
  0.00000000017360973  0.00000000019741909  0.00000000022292931  0.00000000025535565
  0.00000000029751995  0.00000000034196265  0.00000000038514679  0.00000000043814441
  0.00000000056782385  0.00000000076088508  0.00000000558173776  1.00000000000000000
 -0.00253874522022580  0.01003047893783202  0.02072437632842468  0.03150162758421167
  0.04254041647345783  0.05394803706882800  0.06495100469390795  0.07553463207413583
  0.08575788486431735  0.09594091128854226  0.10617566464586148  0.11653439061075210
  0.12697376977155342  0.13752603516719750  0.14806523943564404  0.15849691314385389
  0.16868158575913764  0.17886276862665262  0.18926923235323170  0.19987531424366678
  0.21053565224769738  0.22123300125919093  0.23183789731091700  0.24230472607659592
  0.25278965605142240  0.26342499614499942  0.27409231195636513  0.28461943073831908
  0.29508314075279735  0.30556568428793857  0.31601039911452428  0.32634583446969906
  0.33651975433462827  0.34660447636027658  0.35690975270307901  0.36733320328732760
  0.37787694585780235  0.38832584957367006  0.39876898362010382  0.40928681886299323
  0.41963080231683181  0.42994102746337803  0.44020860286779789  0.45047575830586473
  0.46067297714216399  0.47068764821371600  0.48077660583979842  0.49099547201890614
  0.50123685819928754  0.51147772943748904  0.52178744677638578  0.53251913756393066
  0.54326014862835592  0.55397592166124643  0.56453230634079710  0.57506605862845173
  0.58560493380538392  0.59604417218741301  0.60631521739288463  0.61672564415301667
  0.62717111197839370  0.63784364448492081  0.64828224179036598  0.65909701010882271
  0.66975154542586335  0.68056961817580630  0.69122234410486860  0.70167400628083099
  0.71201071049128328  0.72227561630026738  0.73281606213740091  0.74345330511873176
  0.75378846810292566  0.76411857749142820  0.77457178113155656  0.78517975341085444
  0.79594405079814323  0.80669997633823731  0.81753765619687191  0.82843891332462727
  0.83930154390135192  0.85019295823081220  0.86088036373439258  0.87165664227741524
  0.88295789061600438  0.89455494814543279  0.90586030441813259  0.91695065011226640
  0.92752561186369209  0.93830520164079889  0.94890939759804838  0.95960423241214055
  0.96979010785286679  0.98020918464910756  0.99010731697729981  1.00000000000000000
  0.50927422943021139  0.51429300224965413  0.51891056426630489  0.52388353425005474
  0.52931906758017955  0.53461289629198605  0.53991761432837082  0.54522458434096199
  0.55055386172044074  0.55599332988161243  0.56150361049488384  0.56690935007846899
  0.57219093811812816  0.57746106787992879  0.58277074174819243  0.58806173588892174
  0.59331192898959861  0.59862148169668083  0.60398739087873277  0.60943094734686187
  0.61477486761817490  0.62004689566155891  0.62522979133975454  0.63040898759525499
  0.63561825177909481  0.64088106690089608  0.64617701667129135  0.65148530854123177
  0.65680857717821162  0.66207537588658061  0.66718719964438145  0.67217861116879341
  0.67712859327593733  0.68212926467573320  0.68715170968137973  0.69210476260352261
  0.69698921117413681  0.70187833701732172  0.70680487372049394  0.71178651134049609
  0.71677147115518169  0.72173851400786171  0.72663758075464024  0.73151845392087900
  0.73641683124264568  0.74136164093270296  0.74631488981425942  0.75125926094080708
  0.75620311244536775  0.76110448420405508  0.76602123863466487  0.77093321158686368
  0.77583536102711259  0.78070257843813307  0.78555435580086908  0.79044567318925929
  0.79533334766508501  0.80016889006280323  0.80493352698802068  0.80966740943872051
  0.81438294499103603  0.81908141316959160  0.82376034094446915  0.82842350454981328
  0.83314928065374694  0.83791603302882445  0.84265547949823316  0.84735994713178520
  0.85203468962549633  0.85677117281826354  0.86157475937990691  0.86643910571966642
  0.87133123970943938  0.87618486074280588  0.88111308255810650  0.88606632938169261
  0.89096996448325372  0.89587592718144060  0.90066731092083729  0.90555011437390442
  0.91045832700611995  0.91526901689175277  0.92022325850110231  0.92520014717535737
  0.93017555685939723  0.93522739314540848  0.94045035155102508  0.94587990348593343
  0.95137754600169644  0.95694200332597934  0.96275087262953585  0.96879995376514549
  0.97507544403910118  0.98199276672259572  0.99021230171752506  1.00000000000000000
  0.19201423029367201  0.33593653867401585  0.35475059383910856  0.36585107479760332
  0.37451416939168986  0.38111232093423952  0.38692620338659872  0.39234494390678454
  0.39721833516205568  0.40149342731496751  0.40556411928115921  0.40945687877517073
  0.41319814708370223  0.41677712422069713  0.41996937497191361  0.42307000811015488
  0.42612988517016309  0.42914040177014640  0.43208882004829069  0.43502150284019292
  0.43785062644821859  0.44050931740753108  0.44314058446764221  0.44574474467523462
  0.44831417543791352  0.45084319377045956  0.45333314442131140  0.45578623982058969
  0.45819656442249285  0.46054870843665419  0.46283790060839386  0.46510761988078758
  0.46735298760187954  0.46958021160450586  0.47180450635924853  0.47404744407277427
  0.47630085870356609  0.47853763609762684  0.48074243263666427  0.48291879697525031
  0.48507927916661342  0.48722778687970281  0.48936302853841274  0.49149398728191912
  0.49362839925370311  0.49575647075904627  0.49788524875962686  0.50001362505864666
  0.50215919856472346  0.50431127899316008  0.50645997584986890  0.50861475062814454
  0.51077210488412539  0.51293428412157072  0.51510195204540976  0.51727421808813712
  0.51945424702974174  0.52164886760537854  0.52386506329725224  0.52610443723316969
  0.52835969026388052  0.53064541746543326  0.53293840525698244  0.53523268213623909
  0.53753151702513946  0.53983113363095059  0.54216662788279668  0.54458016077756988
  0.54706043464781273  0.54956753082710497  0.55209012743843444  0.55461758017804763
  0.55717302432571958  0.55977779507929393  0.56244996285570459  0.56528063767066672
  0.56817932912275126  0.57110770797503285  0.57411042803752643  0.57718916092866923
  0.58029124919354502  0.58357437830828940  0.58713178602742566  0.59087983054292903
  0.59475843466181655  0.59877697714158962  0.60296852484077834  0.60783753389988104
  0.61329805598267406  0.61919564006123884  0.62603616321788447  0.63486421442288143
  0.64649295649133809  0.66714638018507055  0.80593564995721656  1.00000000000000000
   1536.0469553083137       -1.0000000000000000     
 F F F F T F F T T F F T F F F F
