  0.00000000000182827  0.00000000000192475  0.00000000000202744  0.00000000000212789
  0.00000000000222037  0.00000000000231594  0.00000000000241711  0.00000000000252387
  0.00000000000263249  0.00000000000274161  0.00000000000285209  0.00000000000296356
  0.00000000000307563  0.00000000000319092  0.00000000000332203  0.00000000000346252
  0.00000000000360220  0.00000000000374321  0.00000000000388689  0.00000000000403335
  0.00000000000418067  0.00000000000433430  0.00000000000450214  0.00000000000468371
  0.00000000000487565  0.00000000000506991  0.00000000000526920  0.00000000000547226
  0.00000000000567837  0.00000000000588354  0.00000000000611526  0.00000000000636949
  0.00000000000663649  0.00000000000691156  0.00000000000719157  0.00000000000747747
  0.00000000000777237  0.00000000000807367  0.00000000000838855  0.00000000000876872
  0.00000000000916739  0.00000000000957622  0.00000000001000616  0.00000000001045691
  0.00000000001090807  0.00000000001137478  0.00000000001189908  0.00000000001246757
  0.00000000001306538  0.00000000001369140  0.00000000001434629  0.00000000001501192
  0.00000000001572467  0.00000000001655490  0.00000000001744609  0.00000000001836917
  0.00000000001931669  0.00000000002028940  0.00000000002132657  0.00000000002257275
  0.00000000002395630  0.00000000002542642  0.00000000002692182  0.00000000002842792
  0.00000000002989923  0.00000000003187647  0.00000000003395332  0.00000000003611470
  0.00000000003833460  0.00000000004067884  0.00000000004345197  0.00000000004659368
  0.00000000004996353  0.00000000005356065  0.00000000005784886  0.00000000006288312
  0.00000000006817393  0.00000000007322360  0.00000000007913768  0.00000000008580504
  0.00000000009318838  0.00000000010178024  0.00000000011181018  0.00000000012332121
  0.00000000013560269  0.00000000014891749  0.00000000016498541  0.00000000018200361
  0.00000000020337262  0.00000000023094496  0.00000000026668423  0.00000000031587484
  0.00000000039051621  0.00000000049911241  0.00000000452263229  1.00000000000000000
 -0.00221318878452804  0.00998789496587004  0.02038874530324672  0.03104474551531864
  0.04172712335803831  0.05212045164263094  0.06270215013960348  0.07363371788881788
  0.08506895493821370  0.09653638746810032  0.10791549610661140  0.11921979696886778
  0.12998831756614845  0.14070527654582238  0.15100761415185077  0.16108063035906303
  0.17097060979855869  0.18055960262419976  0.19023224888323886  0.20016704928557055
  0.21005035600152738  0.22086638387691773  0.23155639828479466  0.24197153280812164
  0.25253727279872151  0.26331923122506823  0.27396981718909080  0.28417790870213261
  0.29437366954984739  0.30486338182641182  0.31530845270120811  0.32580230838484986
  0.33617604055243711  0.34685892474325203  0.35730436370899371  0.36762420173186411
  0.37787030933382726  0.38802195340876933  0.39824165729388034  0.40859269568746714
  0.41875714813909498  0.42884910446775482  0.43899776841383947  0.44938295625430313
  0.45985069546548951  0.47024274341454286  0.48107341282414390  0.49227494833225804
  0.50354805736729114  0.51430472261862881  0.52493798385385515  0.53540280592370115
  0.54600192245398871  0.55668510681831129  0.56726853631453589  0.57781550397681913
  0.58861232068073233  0.59938998736084270  0.61037626925998678  0.62125222113925149
  0.63242691229268544  0.64410456385986470  0.65532151336772537  0.66650532197983203
  0.67683682109455479  0.68733859583864898  0.69784498975463383  0.70839539628286130
  0.71903515371180138  0.72957282695559800  0.74013559000285056  0.75067377947200808
  0.76146410431181233  0.77200254204670160  0.78235163167745003  0.79242308903744396
  0.80242535740661181  0.81262473202402474  0.82293352131816000  0.83313452948849120
  0.84319873158287573  0.85345463874343175  0.86389452005119594  0.87412033777097664
  0.88402425886661096  0.89372522392523912  0.90392339225216534  0.91391014534953785
  0.92426823543504688  0.93497494542512016  0.94581304689264722  0.95716169316850341
  0.96784594311476380  0.97855558783629948  0.98929813560127244  1.00000000000000000
  0.59794454338065328  0.60048882521812796  0.60256053061786619  0.60490725073682872
  0.60877430355748652  0.61286398649740070  0.61712301758107235  0.62127600899925273
  0.62540036490320539  0.62985484612313725  0.63420448258830908  0.63857500118453103
  0.64291181175677203  0.64717786324881543  0.65140716123388775  0.65561905055785763
  0.65993047623072509  0.66420030827229715  0.66839638086543185  0.67258746878723519
  0.67685054537578970  0.68117511354541438  0.68543963043245193  0.68957346913469186
  0.69359785272180741  0.69761163271172566  0.70165420102997833  0.70573548216665938
  0.70982684531450224  0.71386727153549812  0.71796389457041443  0.72203046084738809
  0.72600217714809623  0.72995702294827491  0.73398575562945589  0.73807790909022930
  0.74214850248684361  0.74619078703731689  0.75016760653293635  0.75410251323192845
  0.75803092883895240  0.76192472844609793  0.76578785660136195  0.76962778085499850
  0.77349059750628479  0.77739046816480606  0.78133505882678300  0.78528277663622936
  0.78920203400910771  0.79313068995112990  0.79705322698035086  0.80099285762375372
  0.80496286980082821  0.80891981388199807  0.81292732733458428  0.81691862131944093
  0.82088592831369844  0.82487452387992966  0.82890061865801290  0.83298008709462290
  0.83707208941628830  0.84113778390431826  0.84516208092406453  0.84916499107117682
  0.85318385006409769  0.85721868744980978  0.86129429479431097  0.86536081456228175
  0.86938093863547561  0.87339691495779670  0.87742687287089949  0.88144406051214508
  0.88536882634115444  0.88929338533822155  0.89327225669395982  0.89738405214756356
  0.90158612912683067  0.90590855016423322  0.91013114578186138  0.91439848291776449
  0.91880976623928090  0.92333455145197252  0.92794931814617254  0.93249742710455763
  0.93706739375733694  0.94169271384890618  0.94636360897848049  0.95116764928482855
  0.95606949617745340  0.96112552955827146  0.96639584805517131  0.97181801637622534
  0.97750119806421920  0.98367814078483085  0.99107059290501009  1.00000000000000000
  0.19384708140662268  0.33680646338588305  0.35490649791831030  0.36563443414447433
  0.37399450207185836  0.38072915112404587  0.38667855112942601  0.39219641473213063
  0.39708426583815304  0.40141243809062066  0.40551157281857708  0.40941189907955272
  0.41315141176265674  0.41672116625767064  0.42000395039732069  0.42315954295224223
  0.42626369125137870  0.42927599592414645  0.43223342865227438  0.43515748475207094
  0.43795928358641090  0.44061838650995694  0.44325525454991388  0.44584032110704164
  0.44837688933219816  0.45086166396615546  0.45333133379751950  0.45580061879121131
  0.45825431450925630  0.46067955120731130  0.46305903542359411  0.46539718156430854
  0.46770308413338318  0.46994973252965105  0.47219166384046923  0.47442884218028725
  0.47667133308972676  0.47890896953585249  0.48111566369800229  0.48331190719902650
  0.48549867081354137  0.48767307640596730  0.48983185408133501  0.49197543797993742
  0.49411971819143397  0.49625726095781081  0.49838137184828690  0.50052951432411130
  0.50269382516665773  0.50486175710591774  0.50705265637345209  0.50925373830223630
  0.51144626396037951  0.51362002863550360  0.51577787854886115  0.51793312752929799
  0.52010396831159900  0.52232144402009195  0.52456020988156626  0.52681957133166635
  0.52909492484968645  0.53138134533278247  0.53367985101000526  0.53598558310048061
  0.53831074109061794  0.54068104428864394  0.54310599869617004  0.54556972818805505
  0.54805230462458665  0.55053402718382138  0.55307847847129465  0.55567931623431910
  0.55831300308047749  0.56097228989582582  0.56368299287237500  0.56654642998084470
  0.56944983353370604  0.57241494941145465  0.57544920419765744  0.57854307638214608
  0.58175883771039572  0.58518877018661242  0.58886148100830116  0.59269452883054508
  0.59662988330515832  0.60070640981143497  0.60504132700690616  0.61002038300741213
  0.61539026206426806  0.62123899616938572  0.62824844431284965  0.63710031232291786
  0.64846026966442616  0.66772371525672947  0.80408089048161968  1.00000000000000000
   2308.9026672159562       -1.0000000000000000     
 F T T F T T T T T T T T F T T F
