# BEGIN PLOT
Legend=1
LogY=1
Title=$\log_{10}$($k_\perp$ jet resolution $3 \to 4$ [GeV])
XLabel=$\log_{10}(d_{34}/\text{GeV})$
YLabel=$\text{d}\sigma/\text{d}\log_{10}(d_{34}/\text{GeV})$ [pb]
LegendXPos=0.15
LegendYPos=0.5
Rebin=2
DrawOnly=//home/maxinfilip/Rivet.yoda/MC_KTSPLITTINGS/log10_d_34
LegendOnly=//home/maxinfilip/Rivet.yoda/MC_KTSPLITTINGS/log10_d_34
# END PLOT

# BEGIN HISTO1D //home/maxinfilip/Rivet.yoda/MC_KTSPLITTINGS/log10_d_34
LineColor=red
LineStyle=solid
Path=//home/maxinfilip/Rivet.yoda/MC_KTSPLITTINGS/log10_d_34
ScaledBy=1.55613332238651157e+37
Title=Rivet
# xlow	 xhigh	 val	 errminus	 errplus
2.000000e-01	2.319967e-01	3.066835e+08	4.977904e+07	4.977904e+07
2.319967e-01	2.639935e-01	2.988354e+08	4.757503e+07	4.757503e+07
2.639935e-01	2.959902e-01	3.239278e+08	4.666915e+07	4.666915e+07
2.959902e-01	3.279869e-01	3.643288e+08	5.353000e+07	5.353000e+07
3.279869e-01	3.599837e-01	2.832375e+08	4.204726e+07	4.204726e+07
3.599837e-01	3.919804e-01	4.470470e+08	5.614098e+07	5.614098e+07
3.919804e-01	4.239772e-01	3.229639e+08	4.722953e+07	4.722953e+07
4.239772e-01	4.559739e-01	3.490647e+08	4.783762e+07	4.783762e+07
4.559739e-01	4.879706e-01	2.728825e+08	4.008787e+07	4.008787e+07
4.879706e-01	5.199674e-01	3.108141e+08	4.542331e+07	4.542331e+07
5.199674e-01	5.519641e-01	2.093694e+08	3.262241e+07	3.262241e+07
5.519641e-01	5.839608e-01	2.410302e+08	4.131339e+07	4.131339e+07
5.839608e-01	6.159576e-01	2.227606e+08	3.796103e+07	3.796103e+07
6.159576e-01	6.479543e-01	1.761996e+08	3.327701e+07	3.327701e+07
6.479543e-01	6.799511e-01	1.454597e+08	2.997410e+07	2.997410e+07
6.799511e-01	7.119478e-01	1.042500e+08	1.830502e+07	1.830502e+07
7.119478e-01	7.439445e-01	1.218049e+08	2.782202e+07	2.782202e+07
7.439445e-01	7.759413e-01	5.140330e+07	1.196359e+07	1.196359e+07
7.759413e-01	8.079380e-01	6.337919e+07	1.662412e+07	1.662412e+07
8.079380e-01	8.399347e-01	3.555748e+07	1.017682e+07	1.017682e+07
8.399347e-01	8.719315e-01	2.429112e+07	5.277565e+06	5.277565e+06
8.719315e-01	9.039282e-01	3.004352e+07	1.159168e+07	1.159168e+07
9.039282e-01	9.359250e-01	2.917777e+07	1.024603e+07	1.024603e+07
9.359250e-01	9.679217e-01	3.762488e+07	1.342404e+07	1.342404e+07
9.679217e-01	9.999184e-01	6.428050e+06	2.113604e+06	2.113604e+06
9.999184e-01	1.031915e+00	9.308542e+06	2.801754e+06	2.801754e+06
1.031915e+00	1.063912e+00	4.488680e+06	1.384917e+06	1.384917e+06
1.063912e+00	1.095909e+00	4.093165e+06	1.232478e+06	1.232478e+06
1.095909e+00	1.127905e+00	2.155402e+06	7.889293e+05	7.889293e+05
1.127905e+00	1.159902e+00	1.940268e+06	7.527417e+05	7.527417e+05
1.159902e+00	1.191899e+00	1.743912e+06	1.106517e+06	1.106517e+06
1.191899e+00	1.223896e+00	8.628493e+05	4.645246e+05	4.645246e+05
1.223896e+00	1.255892e+00	6.215143e+05	2.808430e+05	2.808430e+05
1.255892e+00	1.287889e+00	4.034872e+05	2.413043e+05	2.413043e+05
1.287889e+00	1.319886e+00	2.574479e+05	2.574479e+05	2.574479e+05
1.319886e+00	1.351883e+00	2.450953e+05	1.434221e+05	1.434221e+05
1.351883e+00	1.383879e+00	2.443576e+05	2.443576e+05	2.443576e+05
1.383879e+00	1.415876e+00	1.064171e+05	1.064171e+05	1.064171e+05
1.415876e+00	1.447873e+00	0.000000e+00	0.000000e+00	0.000000e+00
1.447873e+00	1.479869e+00	0.000000e+00	0.000000e+00	0.000000e+00
1.479869e+00	1.511866e+00	0.000000e+00	0.000000e+00	0.000000e+00
1.511866e+00	1.543863e+00	0.000000e+00	0.000000e+00	0.000000e+00
1.543863e+00	1.575860e+00	0.000000e+00	0.000000e+00	0.000000e+00
1.575860e+00	1.607856e+00	0.000000e+00	0.000000e+00	0.000000e+00
1.607856e+00	1.639853e+00	0.000000e+00	0.000000e+00	0.000000e+00
1.639853e+00	1.671850e+00	0.000000e+00	0.000000e+00	0.000000e+00
1.671850e+00	1.703847e+00	0.000000e+00	0.000000e+00	0.000000e+00
1.703847e+00	1.735843e+00	0.000000e+00	0.000000e+00	0.000000e+00
1.735843e+00	1.767840e+00	0.000000e+00	0.000000e+00	0.000000e+00
1.767840e+00	1.799837e+00	0.000000e+00	0.000000e+00	0.000000e+00
1.799837e+00	1.831834e+00	0.000000e+00	0.000000e+00	0.000000e+00
1.831834e+00	1.863830e+00	0.000000e+00	0.000000e+00	0.000000e+00
1.863830e+00	1.895827e+00	0.000000e+00	0.000000e+00	0.000000e+00
1.895827e+00	1.927824e+00	0.000000e+00	0.000000e+00	0.000000e+00
1.927824e+00	1.959821e+00	0.000000e+00	0.000000e+00	0.000000e+00
1.959821e+00	1.991817e+00	0.000000e+00	0.000000e+00	0.000000e+00
1.991817e+00	2.023814e+00	0.000000e+00	0.000000e+00	0.000000e+00
2.023814e+00	2.055811e+00	0.000000e+00	0.000000e+00	0.000000e+00
2.055811e+00	2.087807e+00	0.000000e+00	0.000000e+00	0.000000e+00
2.087807e+00	2.119804e+00	0.000000e+00	0.000000e+00	0.000000e+00
2.119804e+00	2.151801e+00	0.000000e+00	0.000000e+00	0.000000e+00
2.151801e+00	2.183798e+00	0.000000e+00	0.000000e+00	0.000000e+00
2.183798e+00	2.215794e+00	0.000000e+00	0.000000e+00	0.000000e+00
2.215794e+00	2.247791e+00	0.000000e+00	0.000000e+00	0.000000e+00
2.247791e+00	2.279788e+00	0.000000e+00	0.000000e+00	0.000000e+00
2.279788e+00	2.311785e+00	0.000000e+00	0.000000e+00	0.000000e+00
2.311785e+00	2.343781e+00	0.000000e+00	0.000000e+00	0.000000e+00
2.343781e+00	2.375778e+00	0.000000e+00	0.000000e+00	0.000000e+00
2.375778e+00	2.407775e+00	0.000000e+00	0.000000e+00	0.000000e+00
2.407775e+00	2.439772e+00	0.000000e+00	0.000000e+00	0.000000e+00
2.439772e+00	2.471768e+00	0.000000e+00	0.000000e+00	0.000000e+00
2.471768e+00	2.503765e+00	0.000000e+00	0.000000e+00	0.000000e+00
2.503765e+00	2.535762e+00	0.000000e+00	0.000000e+00	0.000000e+00
2.535762e+00	2.567759e+00	0.000000e+00	0.000000e+00	0.000000e+00
2.567759e+00	2.599755e+00	0.000000e+00	0.000000e+00	0.000000e+00
2.599755e+00	2.631752e+00	0.000000e+00	0.000000e+00	0.000000e+00
2.631752e+00	2.663749e+00	0.000000e+00	0.000000e+00	0.000000e+00
2.663749e+00	2.695746e+00	0.000000e+00	0.000000e+00	0.000000e+00
2.695746e+00	2.727742e+00	0.000000e+00	0.000000e+00	0.000000e+00
2.727742e+00	2.759739e+00	0.000000e+00	0.000000e+00	0.000000e+00
2.759739e+00	2.791736e+00	0.000000e+00	0.000000e+00	0.000000e+00
2.791736e+00	2.823732e+00	0.000000e+00	0.000000e+00	0.000000e+00
2.823732e+00	2.855729e+00	0.000000e+00	0.000000e+00	0.000000e+00
2.855729e+00	2.887726e+00	0.000000e+00	0.000000e+00	0.000000e+00
2.887726e+00	2.919723e+00	0.000000e+00	0.000000e+00	0.000000e+00
2.919723e+00	2.951719e+00	0.000000e+00	0.000000e+00	0.000000e+00
2.951719e+00	2.983716e+00	0.000000e+00	0.000000e+00	0.000000e+00
2.983716e+00	3.015713e+00	0.000000e+00	0.000000e+00	0.000000e+00
3.015713e+00	3.047710e+00	0.000000e+00	0.000000e+00	0.000000e+00
3.047710e+00	3.079706e+00	0.000000e+00	0.000000e+00	0.000000e+00
3.079706e+00	3.111703e+00	0.000000e+00	0.000000e+00	0.000000e+00
3.111703e+00	3.143700e+00	0.000000e+00	0.000000e+00	0.000000e+00
3.143700e+00	3.175697e+00	0.000000e+00	0.000000e+00	0.000000e+00
3.175697e+00	3.207693e+00	0.000000e+00	0.000000e+00	0.000000e+00
3.207693e+00	3.239690e+00	0.000000e+00	0.000000e+00	0.000000e+00
3.239690e+00	3.271687e+00	0.000000e+00	0.000000e+00	0.000000e+00
3.271687e+00	3.303684e+00	0.000000e+00	0.000000e+00	0.000000e+00
3.303684e+00	3.335680e+00	0.000000e+00	0.000000e+00	0.000000e+00
3.335680e+00	3.367677e+00	0.000000e+00	0.000000e+00	0.000000e+00
3.367677e+00	3.399674e+00	0.000000e+00	0.000000e+00	0.000000e+00
# END HISTO1D

