  0.00000000000183596  0.00000000000189496  0.00000000000197541  0.00000000000206703
  0.00000000000216015  0.00000000000224982  0.00000000000234060  0.00000000000244587
  0.00000000000255348  0.00000000000266030  0.00000000000276726  0.00000000000287584
  0.00000000000298575  0.00000000000309726  0.00000000000321335  0.00000000000334129
  0.00000000000347873  0.00000000000361580  0.00000000000375458  0.00000000000389612
  0.00000000000404083  0.00000000000418868  0.00000000000434265  0.00000000000450491
  0.00000000000469615  0.00000000000488631  0.00000000000507978  0.00000000000527769
  0.00000000000548208  0.00000000000568811  0.00000000000589951  0.00000000000612498
  0.00000000000637728  0.00000000000664994  0.00000000000692729  0.00000000000721187
  0.00000000000750567  0.00000000000780788  0.00000000000811742  0.00000000000845499
  0.00000000000883166  0.00000000000923304  0.00000000000964670  0.00000000001007401
  0.00000000001051229  0.00000000001096268  0.00000000001142227  0.00000000001198754
  0.00000000001260602  0.00000000001322259  0.00000000001387233  0.00000000001455318
  0.00000000001525202  0.00000000001604723  0.00000000001699908  0.00000000001797923
  0.00000000001900115  0.00000000002006100  0.00000000002115895  0.00000000002240664
  0.00000000002384369  0.00000000002531494  0.00000000002682576  0.00000000002836652
  0.00000000003016581  0.00000000003230983  0.00000000003464561  0.00000000003696248
  0.00000000003922451  0.00000000004181954  0.00000000004503517  0.00000000004841794
  0.00000000005194708  0.00000000005562639  0.00000000006005473  0.00000000006540488
  0.00000000007122278  0.00000000007700675  0.00000000008406086  0.00000000009195644
  0.00000000010103604  0.00000000011144866  0.00000000012325140  0.00000000013582768
  0.00000000015169114  0.00000000017022850  0.00000000018870830  0.00000000020696192
  0.00000000023238236  0.00000000026031217  0.00000000030391724  0.00000000040141609
  0.00000000049883224  0.00000000072801759  0.00000000137620467  1.00000000000000000
 -0.00228555669962581  0.00988707456382007  0.02042365700498405  0.03126882958227036
  0.04213083523033850  0.05253646808618776  0.06281864039914689  0.07300193077802029
  0.08338770393746621  0.09380032837996420  0.10426636620002834  0.11459422392782811
  0.12491649116802153  0.13473143041194657  0.14489528771490956  0.15525182030563053
  0.16583361567359817  0.17638592546478285  0.18699221976741809  0.19720397712052429
  0.20747969031273125  0.21763275155966180  0.22794601559398797  0.23785031386249342
  0.24770959017392380  0.25789598574889472  0.26826620198667267  0.27885463609224226
  0.28928977599545663  0.29979062554778380  0.31023484497279435  0.32072537103580778
  0.33142422941497518  0.34211334640426017  0.35271469028474395  0.36316514483659929
  0.37355577195953166  0.38455250627953547  0.39576047339015619  0.40713325384338095
  0.41842788218695981  0.42964488136937229  0.44057323689201711  0.45128676036724530
  0.46161510127677979  0.47172307256200380  0.48171356221656947  0.49190415050309877
  0.50230407577494296  0.51271632804262590  0.52309102045580735  0.53350714401069055
  0.54397970338437596  0.55451356467813717  0.56500209834271331  0.57542517652673331
  0.58575382312557678  0.59599070220066341  0.60610585817986495  0.61625946722809855
  0.62655372380506247  0.63708737810603000  0.64787457753507571  0.65870828078789312
  0.66964194816223233  0.68041821304958316  0.69118387605201947  0.70213925833655322
  0.71309354162490723  0.72404321508988090  0.73495894101606773  0.74585063959534315
  0.75667885646342670  0.76740091125422205  0.77818335775298919  0.78900463283599731
  0.79986666922640615  0.81069306974517275  0.82126402174670399  0.83194274079827091
  0.84279399564599677  0.85370948263451762  0.86427353945522445  0.87482448066012819
  0.88536951477162373  0.89574338745061211  0.90608476282512596  0.91653050360209209
  0.92705821300935010  0.93761378482316426  0.94820293617276563  0.95885129656312595
  0.96923524439117548  0.97959888456152722  0.98982196169146741  1.00000000000000000
  0.59685743804715863  0.59988895176253298  0.60252875000190120  0.60577550304313454
  0.60987531595370192  0.61412193134078430  0.61837209435669860  0.62266784836350675
  0.62696280229945978  0.63120099350099257  0.63537309366755068  0.63954082978684790
  0.64374143759091129  0.64800111662246063  0.65227088613334594  0.65649053560763249
  0.66065109815439582  0.66477464747506065  0.66893856768986182  0.67316931149801240
  0.67741094903950116  0.68162380752723795  0.68577358451253811  0.68990558638153998
  0.69404679838241123  0.69818660493310947  0.70233409436567318  0.70644151964715796
  0.71055421002697805  0.71469097664221337  0.71883163096340075  0.72294226523086158
  0.72703262124880219  0.73111956359761510  0.73517800698115143  0.73919950121158262
  0.74321590625211453  0.74724281899334066  0.75121767402572892  0.75512887473311541
  0.75904638485651665  0.76300797867588044  0.76697847230724392  0.77094711214154432
  0.77492257343563709  0.77888223598280626  0.78285614752754473  0.78689620963236606
  0.79100558663012621  0.79508848889589101  0.79908146135526159  0.80301470162848121
  0.80696128972408199  0.81099927845279196  0.81510834325827963  0.81922986738623726
  0.82323331573485425  0.82718242183827440  0.83114734550463709  0.83510532783843749
  0.83902497430106326  0.84292282889320913  0.84682629510335983  0.85074289280718385
  0.85470528211072572  0.85870447903149316  0.86269957554930521  0.86665888274878389
  0.87060378304499464  0.87458198412136268  0.87861225764449691  0.88267250122789709
  0.88675423214871707  0.89086578062192745  0.89498448960420229  0.89910481141887089
  0.90324739551473565  0.90740017079146573  0.91160546209117710  0.91587991778376721
  0.92021282608319055  0.92458320073429778  0.92897235190540384  0.93343276842307499
  0.93798302620122842  0.94257142533210370  0.94715687025880346  0.95174371305023997
  0.95648985775469619  0.96141839841180354  0.96658575795453305  0.97194467197022871
  0.97754950214918568  0.98372848453553308  0.99102967249078378  1.00000000000000000
  0.19086158427458988  0.33397049550538094  0.35319111982082257  0.36425071026861094
  0.37299643990317199  0.38003954869568307  0.38601431930232905  0.39148540040779922
  0.39639961691036968  0.40073851938243438  0.40487652149954378  0.40885336644958736
  0.41265894557611527  0.41628813988542285  0.41956481781365790  0.42267589021771335
  0.42570425525957151  0.42867025716087043  0.43161632196169819  0.43453811979878210
  0.43733548266736288  0.43998857755235987  0.44253275793862573  0.44506392739888057
  0.44759880180688172  0.45013050768343427  0.45263074799033753  0.45510359138863382
  0.45756345753009836  0.45997077105092687  0.46232319547217110  0.46463216075638780
  0.46692115277147445  0.46917858166256265  0.47142637632438916  0.47366154225750423
  0.47590366317594124  0.47815551353846797  0.48036732412966221  0.48256457858957647
  0.48477156198074756  0.48697708481434265  0.48916834634500511  0.49134795099783962
  0.49351727060971101  0.49567533196758373  0.49783465062700311  0.49999555949414953
  0.50217114809110330  0.50434300910463059  0.50652002470535629  0.50871911761433208
  0.51092565679543300  0.51312738892080312  0.51532309731927162  0.51751291440986236
  0.51971177374325783  0.52194452505887501  0.52419198017269897  0.52645981137336906
  0.52874254994310388  0.53104524672912368  0.53338909825409442  0.53572591175614459
  0.53806231395954629  0.54041957578682376  0.54284945528350981  0.54534559053623899
  0.54785073744472845  0.55034346698076964  0.55285353733606368  0.55539836264669296
  0.55799691581606836  0.56065697594713215  0.56339181237507940  0.56626965777212512
  0.56916162052634123  0.57210307122393478  0.57511275453629240  0.57819963167464228
  0.58140689707503290  0.58482610628106857  0.58851934270830619  0.59231730909728764
  0.59625814166298752  0.60033269676794321  0.60461760747225834  0.60949054843133144
  0.61473117079457573  0.62054916744382704  0.62716209784897259  0.63596841129439086
  0.64747335725632560  0.66851126217675028  0.80530693090112337  1.00000000000000000
   2306.3438794633589       -1.0000000000000000     
 F T T F T T T T T T T T F T T F
