  0.00000000000316190  0.00000000000322710  0.00000000000327336  0.00000000000331740
  0.00000000000336024  0.00000000000340317  0.00000000000346622  0.00000000000355808
  0.00000000000368220  0.00000000000379706  0.00000000000391101  0.00000000000402891
  0.00000000000415034  0.00000000000427455  0.00000000000440248  0.00000000000453623
  0.00000000000467212  0.00000000000480926  0.00000000000494780  0.00000000000508698
  0.00000000000523234  0.00000000000539050  0.00000000000556569  0.00000000000575979
  0.00000000000595531  0.00000000000615354  0.00000000000635794  0.00000000000656839
  0.00000000000678466  0.00000000000700646  0.00000000000723388  0.00000000000746727
  0.00000000000770601  0.00000000000794832  0.00000000000819008  0.00000000000848111
  0.00000000000880510  0.00000000000915868  0.00000000000951625  0.00000000000988154
  0.00000000001025886  0.00000000001064827  0.00000000001104805  0.00000000001145866
  0.00000000001188150  0.00000000001231206  0.00000000001275285  0.00000000001325281
  0.00000000001384371  0.00000000001449317  0.00000000001516038  0.00000000001583515
  0.00000000001652421  0.00000000001722637  0.00000000001794600  0.00000000001871250
  0.00000000001952125  0.00000000002041703  0.00000000002150228  0.00000000002270219
  0.00000000002392886  0.00000000002517854  0.00000000002643746  0.00000000002772602
  0.00000000002905494  0.00000000003038555  0.00000000003177089  0.00000000003341308
  0.00000000003527748  0.00000000003719623  0.00000000003924600  0.00000000004144077
  0.00000000004378930  0.00000000004620715  0.00000000004871143  0.00000000005174325
  0.00000000005515363  0.00000000005913046  0.00000000006332646  0.00000000006778454
  0.00000000007227786  0.00000000007720782  0.00000000008402060  0.00000000009282533
  0.00000000010138548  0.00000000010970309  0.00000000011831467  0.00000000013116539
  0.00000000014839801  0.00000000016671742  0.00000000019256978  0.00000000024110337
  0.00000000027952822  0.00000000031860484  0.00002036293114432  1.00000000000000000
 -0.00172376715825040  0.01113969366773867  0.02202622644715071  0.03280420003300519
  0.04321047521133779  0.05405518282432635  0.06501543577902721  0.07569118399164147
  0.08631441796123580  0.09691723702700762  0.10742644908886918  0.11786642791141849
  0.12844162832489062  0.13922629774837164  0.15037813447352907  0.16141815432056039
  0.17246744180269336  0.18359419339322136  0.19473167404073963  0.20617792222033257
  0.21807576937739229  0.22981350775735992  0.24071557126624449  0.25134263034804288
  0.26182523336573532  0.27191949046742803  0.28213439838393950  0.29251413553501471
  0.30309217577281078  0.31341596812043759  0.32334224174439613  0.33325652756611612
  0.34322337731416425  0.35329926281042967  0.36297480024388434  0.37248040117559478
  0.38223365115919578  0.39266116988779909  0.40276885502835569  0.41290371345186277
  0.42293342669239914  0.43327457647782469  0.44354072774476277  0.45377597741120573
  0.46410905308673428  0.47469454492993424  0.48550170941191062  0.49646508145584972
  0.50711718286330942  0.51742598559121533  0.52789255931268475  0.53823077295170352
  0.54842794643868920  0.55850944627722066  0.56879116101933480  0.57900495095478011
  0.58908630527067873  0.59903086710984266  0.60898946635108009  0.61902656557295277
  0.62924794394743433  0.63967497647537819  0.65028195357302399  0.66090459025127446
  0.67146137120937366  0.68211922670963299  0.69306007046537987  0.70403270444782606
  0.71461650187189074  0.72487756566845707  0.73524873820785408  0.74563740473478335
  0.75587939520928549  0.76605374982299546  0.77634128640216993  0.78675413891160983
  0.79721885410743021  0.80784882503636390  0.81870969921643033  0.82974901031513648
  0.84105976046776387  0.85260516865925140  0.86392722033603320  0.87529263838894078
  0.88620677172054252  0.89712090752299722  0.90756958275264243  0.91803790643341288
  0.92847252735590491  0.93869822755815135  0.94926193977659212  0.95969407215961477
  0.96981420938638119  0.97989924674680096  0.98996927264713597  1.00000000000000000
  0.93733557531831180  0.93866935707017518  0.93930603926752754  0.93995547246052691
  0.94060615845338946  0.94126876594175246  0.94194053665294752  0.94260989651996285
  0.94328678438264435  0.94394865817178975  0.94460390911067926  0.94525456412516773
  0.94590877905139459  0.94655802721915361  0.94720634802181147  0.94786148231717260
  0.94850941940391231  0.94913903077724671  0.94975763800323776  0.95038645268714772
  0.95103215863649004  0.95168290332380479  0.95233034841738806  0.95297642202254507
  0.95361064665527284  0.95423869585510224  0.95485972577276190  0.95549323391935537
  0.95613551962373278  0.95676671215410425  0.95738025311280728  0.95798530269003213
  0.95860465707919562  0.95925283803932115  0.95988437932866577  0.96050355605800997
  0.96110974606806054  0.96171773004654615  0.96233119149708979  0.96295386474299349
  0.96357665266040460  0.96420150950158345  0.96481101311720563  0.96541500936622626
  0.96601368201176607  0.96662430796385168  0.96725017209383013  0.96788745239539753
  0.96852406258323254  0.96914790210780644  0.96976094766133758  0.97037144481885451
  0.97098004882646327  0.97158549991811605  0.97219186366143429  0.97280032815908235
  0.97341223871412208  0.97402379082286661  0.97463009127702660  0.97523683360930680
  0.97584591974188606  0.97646766593249523  0.97709059687086353  0.97771048343062050
  0.97831369335335594  0.97891479965191497  0.97952759180835391  0.98015052253412005
  0.98077184386646077  0.98139104423276291  0.98201726603519435  0.98264399131009572
  0.98327513932130406  0.98391014163594370  0.98454692246073527  0.98519083153735421
  0.98582956196200511  0.98647781793217326  0.98713442885685543  0.98780247170055546
  0.98848235196340195  0.98915842213690908  0.98982699697164889  0.99049068827633502
  0.99115226351284802  0.99181893558429957  0.99249462938444732  0.99318318556502805
  0.99388503084313640  0.99459807068599815  0.99533078613306203  0.99609803702946575
  0.99691279389001630  0.99779014681430289  0.99880369996315232  1.00000000000000000
  0.19716402930944865  0.33644612124178080  0.35446244185656506  0.36527511284148984
  0.37366969193531346  0.38040702138605004  0.38623936990708174  0.39155986035229939
  0.39641726223982759  0.40073138089526011  0.40475612529690913  0.40860250318364955
  0.41234719255016622  0.41596978770520576  0.41937011379865757  0.42257308342039229
  0.42576844580877377  0.42891266006967455  0.43197527711438077  0.43496233204462470
  0.43780366199437853  0.44050814317993964  0.44311269852418844  0.44567219011349851
  0.44819167146755956  0.45067861268009773  0.45315464354801782  0.45561923167929635
  0.45805965449658798  0.46043381200305905  0.46274603357472349  0.46502267523569896
  0.46727736918481005  0.46952717965987395  0.47175304274734831  0.47396491536679225
  0.47615692009251576  0.47836937772304206  0.48059816964166674  0.48283209560890145
  0.48504928074814169  0.48724748484557134  0.48943754115337434  0.49161276216576655
  0.49377203231290895  0.49593674973235813  0.49811474195351702  0.50030395142563366
  0.50250207878448672  0.50468929565702658  0.50687545514810406  0.50904851190408729
  0.51120964626877785  0.51337111453075213  0.51553393966047567  0.51770556156734149
  0.51989038222052575  0.52207849138229634  0.52427827427664864  0.52648306732806627
  0.52868426300180227  0.53093582688446095  0.53321387445439483  0.53550404963426346
  0.53779700173136835  0.54012851211262158  0.54251200329668459  0.54498462892546895
  0.54751234960571082  0.55002452515832423  0.55253486388945516  0.55504987216938606
  0.55758642279663384  0.56017452870592088  0.56287130390213524  0.56573158325603012
  0.56858696043449541  0.57149762402011739  0.57450231618999359  0.57765518534278526
  0.58082393169062885  0.58421265766884978  0.58781176363838206  0.59153338702439484
  0.59537976042366281  0.59934997845723170  0.60361374805096724  0.60851951133904636
  0.61393786834466635  0.61974089482345052  0.62655832884111906  0.63529431546535764
  0.64687631124661582  0.66737456686216978  0.80262990982674343  1.00000000000000000
   267.57879874563031       -1.0000000000000000     
 F T F F T T T T T T T T F F T F
