  0.00000000000306187  0.00000000000314431  0.00000000000320384  0.00000000000325906
  0.00000000000331189  0.00000000000336072  0.00000000000342631  0.00000000000352739
  0.00000000000365639  0.00000000000377947  0.00000000000390238  0.00000000000402643
  0.00000000000415281  0.00000000000428223  0.00000000000441505  0.00000000000455158
  0.00000000000469142  0.00000000000483497  0.00000000000498130  0.00000000000512853
  0.00000000000528060  0.00000000000544736  0.00000000000563048  0.00000000000582402
  0.00000000000602232  0.00000000000622429  0.00000000000643399  0.00000000000664853
  0.00000000000686808  0.00000000000709266  0.00000000000732183  0.00000000000755676
  0.00000000000779748  0.00000000000804986  0.00000000000830164  0.00000000000858102
  0.00000000000890860  0.00000000000926123  0.00000000000962114  0.00000000000999080
  0.00000000001037339  0.00000000001076758  0.00000000001117742  0.00000000001159472
  0.00000000001202312  0.00000000001246726  0.00000000001292167  0.00000000001336231
  0.00000000001394549  0.00000000001459311  0.00000000001527500  0.00000000001597542
  0.00000000001669140  0.00000000001742190  0.00000000001817614  0.00000000001897162
  0.00000000001982246  0.00000000002068469  0.00000000002164716  0.00000000002275440
  0.00000000002398173  0.00000000002526769  0.00000000002659357  0.00000000002795791
  0.00000000002938022  0.00000000003088161  0.00000000003244589  0.00000000003417634
  0.00000000003624894  0.00000000003863345  0.00000000004111918  0.00000000004378646
  0.00000000004668885  0.00000000004965199  0.00000000005270976  0.00000000005632195
  0.00000000006086368  0.00000000006612665  0.00000000007178860  0.00000000007765371
  0.00000000008399504  0.00000000009149911  0.00000000010053377  0.00000000010992628
  0.00000000012054170  0.00000000013294653  0.00000000014831039  0.00000000016799554
  0.00000000019184532  0.00000000022713938  0.00000000034700777  0.00000000049514294
  0.00000000062051027  0.00000000078989802  0.00000000154519972  1.00000000000000000
 -0.00239567312619343  0.00931566255590010  0.01949257238750244  0.02931120506846707
  0.03955277857117948  0.05018550696944329  0.06095534187767398  0.07133277821232675
  0.08173067630992104  0.09247680954826423  0.10323797103952966  0.11337038328413913
  0.12347973772981337  0.13345090083649644  0.14325852150837048  0.15379811602258348
  0.16448030854923537  0.17516361443739295  0.18560289661968729  0.19599943295686706
  0.20633815096797689  0.21679130757558604  0.22727553097173145  0.23806543739260291
  0.24899964566816812  0.26009070748508589  0.27122587707183776  0.28235966211464320
  0.29337991608690239  0.30445944875437159  0.31550257400819559  0.32676612342481048
  0.33759981606723383  0.34831595971413831  0.35879201782369796  0.36908622990830814
  0.37938584931700403  0.38985710232754106  0.40077088380133158  0.41163197523071454
  0.42223695645814052  0.43248646745460140  0.44255060771483107  0.45235166454939796
  0.46209754508967282  0.47200696275766763  0.48208864713391048  0.49260892068242534
  0.50305709611634564  0.51337506032854774  0.52350358991161228  0.53333692184586312
  0.54322893373458137  0.55344953097654781  0.56347267377510035  0.57407445049636996
  0.58417399113808810  0.59483147919681401  0.60554253801371172  0.61619073291190618
  0.62676715363783930  0.63659265146315769  0.64652513748083629  0.65640680151629660
  0.66629468117904866  0.67636762666766570  0.68670183705881871  0.69731986352157960
  0.70794629857606284  0.71850750185162482  0.72890950218772699  0.73927397890279656
  0.74960332128908269  0.76022623590201077  0.77079783131835922  0.78123923220202796
  0.79156738979770491  0.80221613448013074  0.81315064779922597  0.82419371882705805
  0.83518207454857052  0.84620510308749175  0.85749963451964406  0.86880198713136947
  0.88029991367266214  0.89159824674846189  0.90253583926827730  0.91299120486597352
  0.92376765234723235  0.93454097198372188  0.94478611228829767  0.95504884163527792
  0.96577421349601500  0.97713450607916030  0.98856685416656764  1.00000000000000000
  0.93743568389326948  0.93864850579489867  0.93927513453441636  0.93991224347233437
  0.94057269193412407  0.94121347302176273  0.94186851353483292  0.94251801505269783
  0.94317942509884367  0.94383055157768148  0.94449597679587771  0.94516362280291966
  0.94583118445035341  0.94648475285389033  0.94712872667903647  0.94776505389002197
  0.94839699051861903  0.94902789085261130  0.94966410341942920  0.95030886689511040
  0.95096274416941240  0.95162102839172824  0.95228142348336031  0.95292955273901647
  0.95356613516196065  0.95419757308096120  0.95482944932820446  0.95545506220994503
  0.95607557430204115  0.95669802961581130  0.95732688159804447  0.95794857231680275
  0.95858680957224107  0.95924137030783041  0.95989792693294829  0.96055391688672997
  0.96120488286419026  0.96185368794765647  0.96249916958727599  0.96314554436313549
  0.96379248752282798  0.96443631591930579  0.96507802808926779  0.96571906454521050
  0.96635581975820029  0.96698349501239855  0.96760551663215655  0.96823348220320138
  0.96887291739412584  0.96951293776232383  0.97015641522543972  0.97078417417116358
  0.97139965988350030  0.97200657505637700  0.97260710920005577  0.97321008575907719
  0.97381447104126828  0.97442469688198008  0.97503918805253520  0.97565233269697726
  0.97626679907866265  0.97688362071294366  0.97750177243543068  0.97810804579813504
  0.97871117542665043  0.97931953222430423  0.97994085759352412  0.98056282419033347
  0.98117743106637056  0.98179394064183123  0.98241216105084850  0.98301995388471786
  0.98363006945115705  0.98423570876504840  0.98485641951387193  0.98548908539929880
  0.98612391101138985  0.98675952672667178  0.98739799552313379  0.98804928256347568
  0.98870685694173222  0.98937397329686738  0.99004732140030827  0.99071499077379521
  0.99137082937684773  0.99201547033750725  0.99267365329986046  0.99335299866096172
  0.99405357855365417  0.99476630800953525  0.99548182963411525  0.99622647681673904
  0.99701823126839406  0.99787343919047600  0.99884487223222651  1.00000000000000000
  0.19286874527956541  0.33577312383767188  0.35418900992405261  0.36535081720135781
  0.37436178857521291  0.38110852503288895  0.38696695590370039  0.39232828195380920
  0.39713708515361701  0.40142804401259163  0.40546033259263675  0.40928355025904867
  0.41293396701232166  0.41645498369484951  0.41975445437752518  0.42286161781720927
  0.42590346875052659  0.42883879110255407  0.43173382437846153  0.43458854641096767
  0.43736298797113604  0.44002262305819900  0.44262868925139714  0.44521015483214371
  0.44774338853279771  0.45024232886134558  0.45271767220070647  0.45517298568384917
  0.45760479137766769  0.45996173363749943  0.46226331076328264  0.46455431529809743
  0.46682231863992313  0.46907632265491356  0.47131959840502924  0.47352860339876973
  0.47573639892129482  0.47798006099271034  0.48019324082512677  0.48239934630732595
  0.48459381575176563  0.48677611247938696  0.48898048311435266  0.49118473151165737
  0.49337600202229565  0.49556341602644888  0.49773335306543443  0.49988458626412735
  0.50206113689504483  0.50422356943510682  0.50639993307215381  0.50854649020185327
  0.51069462326165738  0.51285841496054774  0.51505723853835650  0.51728727492035853
  0.51951223378165612  0.52172035536355676  0.52393183048947090  0.52615354527792546
  0.52838581301954912  0.53063499917147872  0.53292746383024003  0.53524010352081031
  0.53758561228543078  0.53995266910145534  0.54234208373123449  0.54480735676153702
  0.54732325750241018  0.54986338740716045  0.55244338703763152  0.55503442662204205
  0.55763440311577872  0.56024990320965518  0.56291697631439552  0.56573438039408752
  0.56867695235369597  0.57168820210153615  0.57477473462746687  0.57789153218892086
  0.58103629691812397  0.58441203626107441  0.58801180605899173  0.59175990205801621
  0.59566030803758330  0.59966023482595221  0.60389813693093441  0.60874840320124368
  0.61415360824017473  0.62002661934980308  0.62706577486395854  0.63596396907907482
  0.64756493669702198  0.66803993440069742  0.80185382054544596  1.00000000000000000
   2408.5211855082666       -1.0000000000000000     
 F T F F T T T T T T T T F F T F
