  0.00000000000302193  0.00000000000318631  0.00000000000330088  0.00000000000339638
  0.00000000000349970  0.00000000000360141  0.00000000000370412  0.00000000000380850
  0.00000000000391552  0.00000000000405070  0.00000000000418449  0.00000000000432000
  0.00000000000445831  0.00000000000459922  0.00000000000474212  0.00000000000488652
  0.00000000000503227  0.00000000000517946  0.00000000000534604  0.00000000000552599
  0.00000000000572008  0.00000000000591825  0.00000000000611982  0.00000000000632561
  0.00000000000653464  0.00000000000674722  0.00000000000696618  0.00000000000719385
  0.00000000000743995  0.00000000000773975  0.00000000000803711  0.00000000000833892
  0.00000000000864753  0.00000000000896502  0.00000000000929411  0.00000000000962693
  0.00000000000997941  0.00000000001039388  0.00000000001085024  0.00000000001130782
  0.00000000001178133  0.00000000001226699  0.00000000001276383  0.00000000001328016
  0.00000000001383912  0.00000000001448312  0.00000000001518543  0.00000000001588342
  0.00000000001660610  0.00000000001734541  0.00000000001811067  0.00000000001895482
  0.00000000001996895  0.00000000002101177  0.00000000002207658  0.00000000002317878
  0.00000000002430929  0.00000000002548567  0.00000000002691608  0.00000000002850120
  0.00000000003014213  0.00000000003183667  0.00000000003360717  0.00000000003551947
  0.00000000003788064  0.00000000004049236  0.00000000004310729  0.00000000004581358
  0.00000000004875083  0.00000000005237414  0.00000000005632835  0.00000000006020217
  0.00000000006417058  0.00000000006848638  0.00000000007380067  0.00000000007954355
  0.00000000008551974  0.00000000009189973  0.00000000009902900  0.00000000010690082
  0.00000000011547448  0.00000000012488621  0.00000000013638126  0.00000000014789810
  0.00000000016000952  0.00000000017505698  0.00000000019563950  0.00000000022305369
  0.00000000025547380  0.00000000028928198  0.00000000032497066  0.00000000037255587
  0.00000000044661938  0.00000000062138056  0.00000000311076425  1.00000000000000000
 -0.00240824946076493  0.00976435141202862  0.01959392133001262  0.02978548221959512
  0.03990005310022096  0.05010220328549828  0.06019789599035239  0.07038475479035720
  0.08058179834487687  0.09095666084461292  0.10154698938345036  0.11209476795589048
  0.12259028954048354  0.13338173942210918  0.14402811022214568  0.15448048142708609
  0.16469554562253685  0.17513421566588613  0.18553405342479160  0.19581141064609631
  0.20603502078064018  0.21695279453631205  0.22816052694442179  0.23950108313882035
  0.25040000710766813  0.26123127559894299  0.27226493710271427  0.28310086669193757
  0.29454966487903211  0.30575518395389800  0.31707199996934576  0.32779854804627856
  0.33857813188620495  0.34921272542409643  0.36001911038193513  0.37077535949096169
  0.38165897028657697  0.39269325853292714  0.40365039731797808  0.41459827104980151
  0.42572604124898283  0.43669974703653047  0.44754675912062153  0.45858011908193885
  0.46984792021238780  0.48080042020256403  0.49112336756296671  0.50136710993279299
  0.51180052944747390  0.52231605182264829  0.53278476032654876  0.54327689300293092
  0.55407827638490015  0.56469261610890331  0.57497075485525895  0.58518787035651587
  0.59571804185696520  0.60633482029803243  0.61674112583878626  0.62697394220945246
  0.63755010473876683  0.64803320223109873  0.65861062564502082  0.66917364389870992
  0.67980808851993968  0.69031145492912838  0.70058139315681434  0.71069769255194504
  0.72085968580453941  0.73097749984626281  0.74099302859564431  0.75107327121531253
  0.76146898711724909  0.77204633132014955  0.78253734155223076  0.79291709550720446
  0.80331649213091805  0.81393116302097390  0.82450285125660638  0.83507240590520515
  0.84523549344710469  0.85551622268816696  0.86555415953345882  0.87569291439879382
  0.88591344534963357  0.89655795694006457  0.90736297052171955  0.91799173850235261
  0.92852080863542263  0.93901900357839463  0.94943923655814455  0.95958330373965139
  0.96949437952446116  0.97949406636370939  0.98970209215946681  1.00000000000000000
  0.50977754708304257  0.51279776009563871  0.51782052604602413  0.52295339969255838
  0.52864699388597536  0.53436222663161259  0.53995109754100457  0.54545747084749696
  0.55088835427841687  0.55631590814036780  0.56176342558459724  0.56728645992142346
  0.57280471554828472  0.57838051455340733  0.58401585107704723  0.58965616000424792
  0.59520662788584600  0.60074462061848100  0.60632457276027973  0.61189004863482999
  0.61731845911108940  0.62271399395146765  0.62805683588707450  0.63344989813288377
  0.63882909355289597  0.64416777585743845  0.64940162939307733  0.65455862160703338
  0.65964182312713449  0.66470233157847081  0.66985780884248680  0.67506835371775298
  0.68022583456812258  0.68530640384546293  0.69030013534931112  0.69532584529305053
  0.70037089909207151  0.70546286792119206  0.71045033480892983  0.71535631111404441
  0.72026531538035321  0.72519469854533569  0.73011805817187725  0.73499906897935186
  0.73988567033954400  0.74478294642651233  0.74961666071290489  0.75435324280656835
  0.75905065653680337  0.76376366552905672  0.76850103045527041  0.77324782379960821
  0.77800941472072094  0.78276737851594114  0.78750058621427388  0.79221789792042951
  0.79694300846090593  0.80167568487975982  0.80642883528807974  0.81124377603339259
  0.81613878960283603  0.82107951471598128  0.82595186653488273  0.83076364428157490
  0.83548151601307419  0.84011496890365556  0.84478456000640678  0.84948729982045168
  0.85418025671511011  0.85888780534102860  0.86356715208608836  0.86828447276932130
  0.87303901693261998  0.87789234197103894  0.88264997955879998  0.88745730606357243
  0.89222113712303053  0.89708407868168505  0.90200913742708211  0.90685224785818375
  0.91167823858094332  0.91654266160188325  0.92149747922722269  0.92654030232808204
  0.93159473078438093  0.93668221670392804  0.94186364560653069  0.94708330171892519
  0.95240493237241097  0.95791148959073746  0.96375580204039957  0.96974685703665942
  0.97588006691106777  0.98247032601324236  0.99033066710828821  1.00000000000000000
  0.19077526907996992  0.33519938329052745  0.35401753825305859  0.36523196990418205
  0.37401490130040588  0.38086404127596996  0.38680418397192423  0.39227892381420615
  0.39707837395967899  0.40133140276291074  0.40536193093257578  0.40924704123658023
  0.41303194445747554  0.41668809496402470  0.42004024846703131  0.42324447126801862
  0.42631964136283290  0.42931891420712226  0.43226052882183574  0.43520682051146237
  0.43802733592743548  0.44071685416229739  0.44333784572604712  0.44590693487847594
  0.44844328154133734  0.45095209714982493  0.45344196394107572  0.45591012743860154
  0.45833018014285098  0.46068152516475969  0.46296669655271844  0.46522509580084831
  0.46746184357063264  0.46969966630530613  0.47193751767445824  0.47418591033540430
  0.47642610118852752  0.47864282855474166  0.48082279741811035  0.48298524271305338
  0.48514167305335881  0.48728023348700517  0.48940441846724136  0.49153833005264663
  0.49368758707398502  0.49585939273737600  0.49802786434537860  0.50021529289090350
  0.50239344308325085  0.50457383984214488  0.50672296515206672  0.50886283416476719
  0.51099816317034652  0.51313107608269737  0.51527074732464084  0.51741920254466311
  0.51957866015635068  0.52176764320440283  0.52399116325082262  0.52622926977383844
  0.52847684675492101  0.53074793840930812  0.53304670679299204  0.53538109450305171
  0.53772553647519494  0.54008188925114209  0.54247042191532902  0.54491170440650427
  0.54738763526015799  0.54987314892016548  0.55240080562615113  0.55497687985933797
  0.55760432720835806  0.56028245471146398  0.56299178850905862  0.56596415398477040
  0.56889491804395420  0.57188897960147955  0.57490841486034472  0.57800431392611396
  0.58120524571984378  0.58458893488608221  0.58822861820543693  0.59201434681601295
  0.59596962762653150  0.60008459589752772  0.60446359050829845  0.60947029526726970
  0.61494552649370060  0.62091572268278639  0.62785568411440873  0.63654460301968341
  0.64757200314590491  0.66694771895573834  0.80340779269566576  1.00000000000000000
   1585.9924357458883       -1.0000000000000000     
 F F F F T F F T T F F T F F F F
