  0.00000000000320207  0.00000000000324977  0.00000000000328840  0.00000000000332610
  0.00000000000336056  0.00000000000340029  0.00000000000347664  0.00000000000358310
  0.00000000000369868  0.00000000000381251  0.00000000000392694  0.00000000000404587
  0.00000000000416839  0.00000000000429544  0.00000000000442729  0.00000000000456204
  0.00000000000469894  0.00000000000483866  0.00000000000498130  0.00000000000512446
  0.00000000000526857  0.00000000000542530  0.00000000000560470  0.00000000000579180
  0.00000000000598574  0.00000000000618412  0.00000000000638827  0.00000000000659908
  0.00000000000681739  0.00000000000704351  0.00000000000727516  0.00000000000751109
  0.00000000000775082  0.00000000000799311  0.00000000000823867  0.00000000000850706
  0.00000000000880663  0.00000000000914562  0.00000000000950688  0.00000000000987265
  0.00000000001024899  0.00000000001063811  0.00000000001104050  0.00000000001145594
  0.00000000001188612  0.00000000001232729  0.00000000001277095  0.00000000001319527
  0.00000000001369691  0.00000000001426961  0.00000000001488314  0.00000000001552629
  0.00000000001619403  0.00000000001688624  0.00000000001760167  0.00000000001831904
  0.00000000001905544  0.00000000001982221  0.00000000002060682  0.00000000002145467
  0.00000000002247255  0.00000000002362651  0.00000000002480970  0.00000000002600379
  0.00000000002723537  0.00000000002853190  0.00000000002994089  0.00000000003146147
  0.00000000003300166  0.00000000003471857  0.00000000003671892  0.00000000003894162
  0.00000000004115872  0.00000000004350560  0.00000000004605324  0.00000000004882811
  0.00000000005156804  0.00000000005465554  0.00000000005862183  0.00000000006316564
  0.00000000006764350  0.00000000007224071  0.00000000007699098  0.00000000008190672
  0.00000000008783387  0.00000000009583308  0.00000000010502972  0.00000000011553478
  0.00000000012792574  0.00000000014167938  0.00000000016089459  0.00000000018196868
  0.00000000020360367  0.00000000022580378  0.00000000655853865  1.00000000000000000
 -0.00200698851972429  0.01036243132322070  0.02076847085948880  0.03085762808960769
  0.04079478557916245  0.05071396262564917  0.06104599531741756  0.07165141606025510
  0.08207448292590454  0.09236558407297564  0.10274579836756326  0.11341765301036529
  0.12431852176173624  0.13515465404264554  0.14589267434841668  0.15644730815933119
  0.16696436791069169  0.17734790218707938  0.18787760460455336  0.19824161660120126
  0.20872746425088098  0.21908908818468398  0.22954175771853072  0.23966533300252371
  0.24986844274163433  0.26024743746225848  0.27083766583193020  0.28134693289654533
  0.29189665658337638  0.30257252992478922  0.31329237141721922  0.32404199226244845
  0.33470590678707562  0.34534584801947243  0.35610903864699250  0.36686303009601623
  0.37754267311348988  0.38812173477164902  0.39879382381372419  0.40979325770923375
  0.42077315849935237  0.43164954354678392  0.44231311475583124  0.45282152757021010
  0.46300548012606502  0.47294393567588405  0.48308525459083684  0.49343070024761077
  0.50388373680740706  0.51455390025156245  0.52532151414816075  0.53627897735550278
  0.54746548245465232  0.55883300113192391  0.57029050072473852  0.58155680077264615
  0.59261315219282129  0.60362524452756705  0.61474868991935783  0.62578771921063059
  0.63665808178646577  0.64765114651373212  0.65885793929789904  0.66959460054353437
  0.68013288565139352  0.69097757891995815  0.70203348290854095  0.71236087989109731
  0.72218923963641057  0.73192441821578647  0.74163922765471191  0.75144572688933431
  0.76122235722783715  0.77112444110740785  0.78083469654733439  0.79047333873019943
  0.80033099698203036  0.81029373887331202  0.82054091807255247  0.83107100778709919
  0.84173754093459541  0.85229540186751118  0.86258162183210818  0.87299454004049726
  0.88310604238697832  0.89325796209444541  0.90330479464908164  0.91333105871197973
  0.92368378049238387  0.93440401778539406  0.94496090533493904  0.95577861800154762
  0.96652615025044597  0.97795848215433956  0.98895605568720812  1.00000000000000000
  0.93753797862098365  0.93862885073479241  0.93932946017553864  0.94000459429977345
  0.94064988659823512  0.94127620392912281  0.94192056630047671  0.94257792486935887
  0.94324131008509715  0.94391191500247074  0.94458641926030817  0.94524957374794016
  0.94590659185740711  0.94656109887274664  0.94720907936256260  0.94784081706559153
  0.94845694253867174  0.94906888234495257  0.94968343760573481  0.95029834770765453
  0.95091103690090795  0.95152693867871141  0.95215774087359806  0.95280265386782348
  0.95345028589330649  0.95408528503013601  0.95471057913369206  0.95532926007621610
  0.95594865800987272  0.95656725560782152  0.95717330874954987  0.95778196168712837
  0.95838169738608048  0.95904636602787352  0.95970600346002310  0.96035670364194403
  0.96099425110726000  0.96162550560213800  0.96225330311699775  0.96287567724374357
  0.96348842191483242  0.96409700232182882  0.96470742055527026  0.96531514076364189
  0.96592246866891074  0.96653793228705875  0.96715538166273052  0.96776633861462924
  0.96836902192747887  0.96896402160884731  0.96956236422934550  0.97016694469948239
  0.97078944463590722  0.97142690598986192  0.97205988443463076  0.97267707206768428
  0.97328306103266182  0.97388906364713423  0.97449837138505502  0.97510798307341962
  0.97571650545541377  0.97632148054371004  0.97692378387236545  0.97753152434043888
  0.97814423024927899  0.97875751679241862  0.97936503178646073  0.97999089675738926
  0.98062438059580359  0.98127979676967958  0.98195023749404042  0.98260145638263863
  0.98323830644134391  0.98386637295478629  0.98450621279958050  0.98514432153957310
  0.98579054101966657  0.98644161354429405  0.98710583284916431  0.98778334919843991
  0.98846897184144178  0.98914977408619442  0.98982666152946530  0.99049754314637961
  0.99117073152148349  0.99185187754002524  0.99253754659501103  0.99322834247681580
  0.99392071956547989  0.99462033122116011  0.99533598570125814  0.99607937870319496
  0.99686061716736230  0.99771962529845792  0.99874829354205119  1.00000000000000000
  0.19371801899901972  0.33493153455661390  0.35366065569398852  0.36463336755716791
  0.37324378425563720  0.38017441626664406  0.38601905302936046  0.39131434669722320
  0.39616946362919364  0.40054049861645857  0.40463883989782568  0.40855200477934933
  0.41226976602501564  0.41583086536341612  0.41914546943842945  0.42225858266085542
  0.42533194804819252  0.42832776603881156  0.43122740443452556  0.43408091996078024
  0.43687950851351720  0.43959032358376765  0.44225442359640743  0.44487773478024156
  0.44747272072433031  0.45002036757059022  0.45251908333664792  0.45501259272101180
  0.45745648642969527  0.45983871347862071  0.46215454747799467  0.46444044155725700
  0.46672952242799343  0.46903058842727946  0.47133665793132751  0.47362050765672886
  0.47589005071268303  0.47812569790748455  0.48036516435899113  0.48257601281517465
  0.48477516901900281  0.48695015012550397  0.48909677030268423  0.49123318843449681
  0.49336833047113743  0.49550619543459556  0.49766455628947487  0.49982610412922718
  0.50196708130078904  0.50412807423847428  0.50633064675232364  0.50854171215182842
  0.51076148043490888  0.51300149840942577  0.51524297363454163  0.51747008758563073
  0.51968729830735583  0.52188938461889223  0.52409303431085674  0.52632376915634327
  0.52857924501570253  0.53092522940726439  0.53328375554245022  0.53568047395641816
  0.53805964528273498  0.54042485451367839  0.54282737198638209  0.54529003070016990
  0.54780272109909023  0.55035100730303133  0.55291189712177136  0.55549090063692907
  0.55808247973892433  0.56071377608775264  0.56339298464921761  0.56626942152381632
  0.56913955581129494  0.57203212869660047  0.57497335222196633  0.57800824535444328
  0.58115356988593347  0.58451813115153628  0.58816831471253095  0.59190552717984701
  0.59575603046469305  0.59979604275349241  0.60398673792591384  0.60898890458140298
  0.61430563316474840  0.62007796227531375  0.62686209121360215  0.63556685405283886
  0.64688866868672701  0.66723228969937198  0.80669077957031532  1.00000000000000000
   4308.7973422887717       -1.0000000000000000     
 F T F F T T T T T T T T F F T F
