  0.00000000000420818  0.00000000000538889  0.00000000000630406  0.00000000000702817
  0.00000000000784025  0.00000000000863201  0.00000000000940664  0.00000000001019140
  0.00000000001098917  0.00000000001171899  0.00000000001242829  0.00000000001316487
  0.00000000001390450  0.00000000001464882  0.00000000001541391  0.00000000001619193
  0.00000000001698147  0.00000000001779233  0.00000000001860129  0.00000000001940981
  0.00000000002023897  0.00000000002109549  0.00000000002193961  0.00000000002288982
  0.00000000002390706  0.00000000002494755  0.00000000002599747  0.00000000002706068
  0.00000000002813368  0.00000000002923754  0.00000000003041465  0.00000000003167689
  0.00000000003301448  0.00000000003435938  0.00000000003573976  0.00000000003716117
  0.00000000003863593  0.00000000004014460  0.00000000004191067  0.00000000004369801
  0.00000000004551937  0.00000000004740767  0.00000000004936355  0.00000000005134738
  0.00000000005351904  0.00000000005594179  0.00000000005852458  0.00000000006115819
  0.00000000006385686  0.00000000006663444  0.00000000006952108  0.00000000007267803
  0.00000000007616361  0.00000000007988215  0.00000000008364149  0.00000000008743538
  0.00000000009139721  0.00000000009575510  0.00000000010066716  0.00000000010624766
  0.00000000011202988  0.00000000011822181  0.00000000012432403  0.00000000013093553
  0.00000000013813014  0.00000000014547193  0.00000000015343812  0.00000000016222929
  0.00000000017196623  0.00000000018265976  0.00000000019370544  0.00000000020508915
  0.00000000021652725  0.00000000022921134  0.00000000024474373  0.00000000026303221
  0.00000000028277271  0.00000000030515644  0.00000000033165194  0.00000000035905172
  0.00000000038340999  0.00000000041195029  0.00000000045394071  0.00000000049928373
  0.00000000054807146  0.00000000060541331  0.00000000065786531  0.00000000072069934
  0.00000000080939270  0.00000000093451610  0.00000000110624707  0.00000000138271869
  0.00000000186596165  0.00000000301497684  0.00000041791825411  1.00000000000000000
 -0.00205210025175543  0.00966421418076202  0.01947145810768039  0.02934790247354767
  0.03904801931126188  0.04884773813040445  0.05889712550999125  0.06930095880690117
  0.07996576725791023  0.09070037826609981  0.10140972238769820  0.11192039748975315
  0.12254280474914278  0.13355132638693901  0.14459287589914419  0.15530907716222436
  0.16591870946015677  0.17646730847609535  0.18688293557363256  0.19716775610681495
  0.20749379246734645  0.21801525607966443  0.22864398422221682  0.23919582239660464
  0.24960651638877421  0.25987457329000102  0.27024918537999437  0.28093215504422153
  0.29162050473406592  0.30232048152880825  0.31295106486531216  0.32368393779210025
  0.33443106179197157  0.34474594706419065  0.35488797214640477  0.36505035600057850
  0.37534239510846612  0.38559291720380823  0.39562045366427206  0.40552564033224148
  0.41530524900231736  0.42499754204448126  0.43482339566358919  0.44483281401929181
  0.45510803281111123  0.46569376213789943  0.47631694375558659  0.48688835229448979
  0.49750058923980167  0.50845334392388053  0.51951651130594012  0.53034640075194495
  0.54110231378497498  0.55184152613878745  0.56259033935938729  0.57335654998220031
  0.58423473481920074  0.59533546262016412  0.60642721162340185  0.61730905458040219
  0.62801610604219504  0.63891103275236061  0.64977697464506412  0.66089330007772740
  0.67201430158769748  0.68345615085000999  0.69431901679965158  0.70532073532095396
  0.71616583889381047  0.72707665167307056  0.73804864644457613  0.74910471021640701
  0.76048328691721079  0.77184446915099170  0.78298211250912841  0.79354054605602020
  0.80363886028736764  0.81366555160669529  0.82386082605065070  0.83421253003899487
  0.84454820286704002  0.85474758145803109  0.86548586445446718  0.87646723789748293
  0.88755662704958749  0.89879668641087096  0.91024129900743311  0.92139181046162566
  0.93228129723202313  0.94241202384391853  0.95186211623248929  0.96129020571079593
  0.97097327233206354  0.98077517414951421  0.99043002284820592  1.00000000000000000
  0.19543520541683329  0.20391394161989509  0.21269239576294657  0.22275137051939778
  0.23281750548575270  0.24273236522419139  0.25247107763733939  0.26196306059229518
  0.27138825319940368  0.28062613563595185  0.28968688427557454  0.29882509871377361
  0.30805465703837043  0.31707505947536219  0.32569151922020412  0.33409923878937708
  0.34231729833533736  0.35039796366313392  0.35843451670303278  0.36654456628692378
  0.37474085467565260  0.38304586995586459  0.39133456993355475  0.39967932692718944
  0.40802982064950377  0.41626002566522768  0.42442419173220530  0.43249221772432345
  0.44065818531933432  0.44874838586116222  0.45671962469478955  0.46461940976811023
  0.47263217918371569  0.48048659591741899  0.48807053354328955  0.49556901662054254
  0.50289510368564827  0.50990424617341190  0.51712259615834122  0.52414355937691293
  0.53116251583136642  0.53809745801407349  0.54507588189105771  0.55189692801577628
  0.55868719796820809  0.56568488058295885  0.57292773166912292  0.58023941819670377
  0.58757762679822279  0.59484017418007440  0.60197142933859249  0.60919301876277099
  0.61655531286787491  0.62396356762671912  0.63130520226030440  0.63853578516399867
  0.64569800016561973  0.65283745093855061  0.65996200275694161  0.66703591805678319
  0.67399002952789921  0.68088423574860601  0.68789369557103586  0.69502658619645441
  0.70218348547971421  0.70935697709587031  0.71658224543812843  0.72381601538705498
  0.73105518391654711  0.73864910111226223  0.74637776852979631  0.75415625524391261
  0.76187764749459641  0.76956223976885052  0.77728697969408689  0.78506307026033662
  0.79307768870374951  0.80125219045236284  0.80949009116913351  0.81754015933494950
  0.82552081991617088  0.83347182245508800  0.84146445702442274  0.84951201392558828
  0.85790385324283436  0.86655618483612751  0.87553752274645202  0.88490749966468440
  0.89439872678323529  0.90446169463729142  0.91525289881532779  0.92712241926208350
  0.94003189853744407  0.95462748441430167  0.97352521307010842  1.00000000000000000
  0.20869643812176594  0.35688680105094522  0.37277144027947740  0.38328842537699581
  0.39122543069367882  0.39749951717659476  0.40257248861997791  0.40720690155953848
  0.41148370657111305  0.41544535413587169  0.41900759259230108  0.42231420311322038
  0.42546210183512762  0.42846218984433204  0.43135703052872748  0.43418746776066425
  0.43695354353742877  0.43951643401590318  0.44194465491033125  0.44436037324824690
  0.44672633764870906  0.44905571118412230  0.45135791630455457  0.45359671383836159
  0.45583313903419492  0.45800335920658830  0.46011997826035117  0.46219687075895277
  0.46426072833157883  0.46631159606061506  0.46833606222214058  0.47032134808071485
  0.47226363775066876  0.47419337828423458  0.47611983750013953  0.47803794288685647
  0.47994832929494341  0.48180962015898465  0.48365966763411772  0.48552095684331464
  0.48738258266148737  0.48922509485066290  0.49104086105455003  0.49283987404237051
  0.49463998151338573  0.49644141001374192  0.49824259911962138  0.50005310534735314
  0.50185790159610510  0.50367650448698753  0.50549322135139152  0.50733079187139851
  0.50919924872970557  0.51109467795083074  0.51298453267557886  0.51484748844416739
  0.51670478923993768  0.51856348786894746  0.52043050744479313  0.52233380973291488
  0.52425913160926851  0.52620295496029290  0.52815446760978835  0.53011976595905719
  0.53209613951657853  0.53409242270566148  0.53610821754448734  0.53813859980622181
  0.54020337753970182  0.54235657134868931  0.54462867642339596  0.54695523583300232
  0.54926512802102656  0.55155347632431095  0.55385723135981157  0.55621193892978438
  0.55863857751598400  0.56111750869316823  0.56372687915425335  0.56654040128539174
  0.56941577023969525  0.57238056723773012  0.57543340876232196  0.57852110647818689
  0.58173812605558117  0.58533612936866475  0.58940606908470083  0.59377730190865952
  0.59843144895601541  0.60361935176741532  0.61023670803125030  0.61823496382793974
  0.62917320017833556  0.64793997510230650  0.78762968561422864  1.00000000000000000
   15.038678735802410       -1.0000000000000000     
 F T T F T T T T T T T T F T T F
