  0.00000000000345241  0.00000000000521546  0.00000000000637807  0.00000000000711624
  0.00000000000790252  0.00000000000867420  0.00000000000942834  0.00000000001019994
  0.00000000001095889  0.00000000001167307  0.00000000001236613  0.00000000001308011
  0.00000000001379600  0.00000000001450671  0.00000000001521862  0.00000000001593811
  0.00000000001666634  0.00000000001741357  0.00000000001816286  0.00000000001891245
  0.00000000001966817  0.00000000002043960  0.00000000002121760  0.00000000002201464
  0.00000000002287741  0.00000000002382363  0.00000000002480893  0.00000000002579204
  0.00000000002678196  0.00000000002779141  0.00000000002881376  0.00000000002987708
  0.00000000003103084  0.00000000003227949  0.00000000003354039  0.00000000003483915
  0.00000000003617471  0.00000000003753520  0.00000000003886750  0.00000000004033264
  0.00000000004194745  0.00000000004363957  0.00000000004538475  0.00000000004718731
  0.00000000004904159  0.00000000005092893  0.00000000005287639  0.00000000005500532
  0.00000000005746126  0.00000000005990128  0.00000000006238271  0.00000000006493739
  0.00000000006761787  0.00000000007028099  0.00000000007355138  0.00000000007716992
  0.00000000008088682  0.00000000008464777  0.00000000008841489  0.00000000009215299
  0.00000000009633099  0.00000000010127860  0.00000000010663756  0.00000000011217228
  0.00000000011791273  0.00000000012398811  0.00000000013077444  0.00000000013838302
  0.00000000014640057  0.00000000015481919  0.00000000016370829  0.00000000017373989
  0.00000000018505063  0.00000000019652711  0.00000000020849067  0.00000000022155671
  0.00000000023743928  0.00000000025587785  0.00000000027500783  0.00000000029546406
  0.00000000031954345  0.00000000034690334  0.00000000037552584  0.00000000040688538
  0.00000000044312530  0.00000000048044730  0.00000000051649296  0.00000000057152464
  0.00000000064080954  0.00000000074372347  0.00000000095881469  0.00000000121124331
  0.00000000155843409  0.00000000202714931  0.00000000864329157  1.00000000000000000
 -0.00270230145374079  0.00963599508741447  0.02054263774577934  0.03134457774666213
  0.04229049360979294  0.05294861248874630  0.06346284679362235  0.07389434306846163
  0.08419573819035232  0.09468907259738658  0.10495351521422108  0.11510290570697604
  0.12518392687062535  0.13541203965733872  0.14553942193931868  0.15561117104429295
  0.16556813662087322  0.17629073603173528  0.18705422170559469  0.19833686950888940
  0.20959619604260724  0.22043004470388416  0.23121877093238061  0.24173738300335859
  0.25214710417119618  0.26252955533868527  0.27308466533531633  0.28364055521596471
  0.29441994855824460  0.30497767051633501  0.31566778425354086  0.32629465464685808
  0.33775465906999336  0.34966136008803606  0.36081571102264326  0.37163941211507379
  0.38217942454207826  0.39271807921595991  0.40291907271334404  0.41310891064996130
  0.42358444016487251  0.43430797091184231  0.44509352663233981  0.45587854669261729
  0.46672513260683701  0.47777214319224504  0.48869093557327820  0.49958959677121539
  0.51032441701761388  0.52084308383351874  0.53109300181632713  0.54128780314880365
  0.55162587176076694  0.56206267211602390  0.57257433168654071  0.58289465116578221
  0.59322671456376774  0.60339168623209194  0.61350761771823847  0.62361114670424311
  0.63385649726911331  0.64426955497362126  0.65489283639927398  0.66544169235311668
  0.67594478306982608  0.68621149033433215  0.69636823291171768  0.70650534628529549
  0.71667821528831754  0.72697088326078863  0.73780571005377837  0.74912303422710547
  0.76011050917930467  0.77096787772777486  0.78208396310070216  0.79331146793307061
  0.80472244232224477  0.81600768854127459  0.82721589517443384  0.83769278877908093
  0.84783548316789070  0.85769458971853574  0.86738729254087155  0.87696470942177951
  0.88670463377583475  0.89665724545375114  0.90687421718773420  0.91718781249286885
  0.92755021900455237  0.93792804104535155  0.94839379239444843  0.95882808800492780
  0.96921236446567649  0.97944628591664384  0.98979427412752008  1.00000000000000000
  0.19451783396672165  0.20327238017216509  0.21266739926199019  0.22291505553505400
  0.23276712886000148  0.24225792219877662  0.25164256692697773  0.26093121848865231
  0.27012049256798260  0.27908937546376000  0.28811290844720050  0.29718435204310673
  0.30624324256488100  0.31518798102142076  0.32400015835570473  0.33264475848942177
  0.34098833665444522  0.34914519173654363  0.35719406507494433  0.36526818263858252
  0.37342549867806307  0.38162466892915686  0.38971747258555056  0.39764316753459433
  0.40548863208079122  0.41330486200758509  0.42112737671387845  0.42892856171415755
  0.43672393676356158  0.44440807222409906  0.45203187744520917  0.45955974684652723
  0.46713481403006363  0.47468057232002597  0.48229099038901485  0.48967272733540751
  0.49719237098647456  0.50481392141253345  0.51291293471966815  0.52090167763635931
  0.52882774596315529  0.53660950019649511  0.54428919409991483  0.55184598883980585
  0.55942493661763737  0.56665995663293645  0.57365087925385183  0.58059157738961786
  0.58741559396198184  0.59417558243339097  0.60097632951131563  0.60793137563194377
  0.61503497062121137  0.62222958152078989  0.62955862169397248  0.63695181326756189
  0.64427236723245807  0.65163054982359758  0.65908442077726737  0.66651830296854020
  0.67368080783388851  0.68067747928850275  0.68765136607687660  0.69468515169982348
  0.70177383165746621  0.70895414342457452  0.71621587526737673  0.72357286857686154
  0.73087776934505000  0.73824709009191047  0.74541179720290662  0.75268250443210383
  0.76022538419837493  0.76780846209006193  0.77545298126487017  0.78321061689557070
  0.79110065500414062  0.79912658900743549  0.80727993824947741  0.81546677486299135
  0.82399128144797595  0.83267426241499476  0.84182209389373885  0.85117761828492455
  0.86042801514123834  0.86929230723365136  0.87829266288842711  0.88769951530654911
  0.89760799306116512  0.90766014668617068  0.91812743039837430  0.92928302846691835
  0.94123299987991760  0.95504045696250872  0.97350287693681947  1.00000000000000000
  0.20825587664929357  0.35506899740608916  0.37266208593665806  0.38273007935839271
  0.39036986654623818  0.39678741808695828  0.40174116793609960  0.40625104516586114
  0.41049873014057631  0.41454376864894854  0.41821362517539029  0.42149751748812103
  0.42466463412852778  0.42773168029805103  0.43071348225068290  0.43361858415996707
  0.43645168476259166  0.43914436884630587  0.44162149179354265  0.44405719182577469
  0.44644110715575347  0.44880843625333228  0.45115081611876712  0.45347704965859043
  0.45578828043704994  0.45807221605867982  0.46016018488288096  0.46218517912186324
  0.46418454738676901  0.46616169213124875  0.46813640596159606  0.47009517106749193
  0.47202324810139534  0.47395512428868380  0.47586985382960478  0.47779726807394063
  0.47969205178094632  0.48153490361728146  0.48336454679488589  0.48520668774349907
  0.48705273811752697  0.48888654286004873  0.49071484318321745  0.49253962740879342
  0.49435970795259249  0.49618569796245765  0.49801803555565122  0.49983263209569850
  0.50165876986898783  0.50349583307887058  0.50535666058768181  0.50723016176742375
  0.50909254193199038  0.51095044038464310  0.51280457759002429  0.51464379305697039
  0.51647066048728985  0.51830792838661799  0.52017203014941571  0.52210563121688502
  0.52407598675489653  0.52604929313925120  0.52800180975913480  0.52997148653447235
  0.53198178669474616  0.53400103839860857  0.53603177721235618  0.53805957888933265
  0.54008152916826069  0.54215216386868148  0.54429319620506533  0.54650523224495440
  0.54876580674385167  0.55102821305804928  0.55331205504519365  0.55563654903388116
  0.55801946656807866  0.56045975475740784  0.56301009623620768  0.56577246093392874
  0.56860788418926955  0.57148801550491790  0.57447692888270518  0.57758636034522437
  0.58080098071862996  0.58449367030926624  0.58867432884982185  0.59313435343326593
  0.59789440374127278  0.60284172320207641  0.60977562158323373  0.61795294547039603
  0.62894128289123130  0.64855510103288982  0.78750523300213604  1.00000000000000000
   15.212991300263186       -1.0000000000000000     
 F T T F T T T T T T T T F T T F
