  0.00000000000179894  0.00000000000203570  0.00000000000213148  0.00000000000222573
  0.00000000000231975  0.00000000000242102  0.00000000000252675  0.00000000000263303
  0.00000000000273975  0.00000000000284758  0.00000000000295774  0.00000000000306661
  0.00000000000318333  0.00000000000330684  0.00000000000343594  0.00000000000356931
  0.00000000000370353  0.00000000000384194  0.00000000000398290  0.00000000000412798
  0.00000000000427388  0.00000000000443578  0.00000000000461816  0.00000000000480698
  0.00000000000499992  0.00000000000519854  0.00000000000540083  0.00000000000560606
  0.00000000000581252  0.00000000000602150  0.00000000000625903  0.00000000000652255
  0.00000000000678163  0.00000000000704944  0.00000000000732540  0.00000000000760689
  0.00000000000789495  0.00000000000820546  0.00000000000854930  0.00000000000892900
  0.00000000000932923  0.00000000000973039  0.00000000001014597  0.00000000001057485
  0.00000000001102501  0.00000000001148100  0.00000000001204383  0.00000000001263892
  0.00000000001325364  0.00000000001389594  0.00000000001456149  0.00000000001523017
  0.00000000001594086  0.00000000001677486  0.00000000001765450  0.00000000001858284
  0.00000000001958214  0.00000000002061761  0.00000000002155509  0.00000000002277666
  0.00000000002400376  0.00000000002527633  0.00000000002664532  0.00000000002807589
  0.00000000002947876  0.00000000003123019  0.00000000003317564  0.00000000003521810
  0.00000000003740159  0.00000000003964504  0.00000000004215162  0.00000000004506681
  0.00000000004811687  0.00000000005115377  0.00000000005427001  0.00000000005788045
  0.00000000006226207  0.00000000006744249  0.00000000007298333  0.00000000007897107
  0.00000000008648089  0.00000000009399762  0.00000000010153373  0.00000000010921982
  0.00000000011982782  0.00000000013280989  0.00000000014693035  0.00000000016302059
  0.00000000018275949  0.00000000020870801  0.00000000024361079  0.00000000027121737
  0.00000000031392240  0.00000000038406055  0.00000000116840081  1.00000000000000000
 -0.00267130515760422  0.00986082846051364  0.02032333927258863  0.03058829274839060
  0.04081322576711721  0.05135285911600766  0.06194561187721474  0.07296755794405663
  0.08381211778038349  0.09486850309205766  0.10565195275202267  0.11637961529792006
  0.12691986016923057  0.13759516388294468  0.14870377221957481  0.16032509605457038
  0.17164563376035358  0.18251420122295384  0.19345167485582465  0.20422403589516430
  0.21456361986555830  0.22475190802323217  0.23476267634426287  0.24506650868786620
  0.25536014429059339  0.26553772099217077  0.27562647465862783  0.28573241610143119
  0.29609453109050388  0.30672477454169805  0.31792178770854079  0.32944961363502001
  0.34061303174098068  0.35170665327944234  0.36284251591383027  0.37414108875746199
  0.38506498996582372  0.39579181960689636  0.40639889530870804  0.41718993814231087
  0.42793009172321916  0.43862025800971299  0.44924114940950810  0.45986012047574382
  0.47048412888278496  0.48108116715362059  0.49165666087527643  0.50236564770972159
  0.51328318779645665  0.52396110410848051  0.53426666698150860  0.54422548703083040
  0.55420624939788832  0.56443008484976165  0.57487393202776771  0.58530821973425240
  0.59557481908808363  0.60589177601506472  0.61649306819867933  0.62699012945172561
  0.63734726929077035  0.64788869199754817  0.65867786004078444  0.66931840945322962
  0.67969567460881231  0.69016379239173442  0.70100634567493703  0.71181241657389616
  0.72263048570315491  0.73341334053924578  0.74397568307194673  0.75416812581093351
  0.76404804886865441  0.77392869127353192  0.78368433210385735  0.79347468199245874
  0.80361084333179322  0.81391113655781677  0.82469002948971903  0.83546921118106565
  0.84602247231848848  0.85645304575739234  0.86671849163052750  0.87714867476889613
  0.88753728994284853  0.89798470904115679  0.90837764293425338  0.91869837177086100
  0.92881616632898234  0.93913727814227044  0.94928639538584358  0.95968384820685182
  0.96989699740431856  0.98010592099907989  0.99005414564981475  1.00000000000000000
  0.59912974419450615  0.60119864809321255  0.60291700698582928  0.60481767287970700
  0.60882005712309595  0.61283007140321277  0.61678366408206420  0.62070378889904287
  0.62461138476221589  0.62901552547937067  0.63369722542239137  0.63840069255222487
  0.64308416216046671  0.64763376080857138  0.65202768695774660  0.65636969063090866
  0.66067410671095461  0.66488168909935552  0.66920068654339970  0.67344851239326464
  0.67775242513699585  0.68189731330339609  0.68610313439329773  0.69017115343299873
  0.69425442988843100  0.69828677766909286  0.70233096255655592  0.70642907647097519
  0.71040758943176052  0.71443320361974660  0.71836416308960804  0.72243586677856220
  0.72653847835367769  0.73065482118873981  0.73467817304898730  0.73877411089317613
  0.74287710854462286  0.74699993525419395  0.75097336061322573  0.75486232090183036
  0.75865462681622509  0.76247199214773786  0.76634192428739056  0.77028178910534062
  0.77427949069384805  0.77825901350698479  0.78225813692679902  0.78626422815842334
  0.79024671477370134  0.79416573478784280  0.79804206934157684  0.80194445586984164
  0.80591788574623435  0.80996359605692692  0.81405895279247331  0.81815287935268177
  0.82220025530488638  0.82621262631685910  0.83021838001742154  0.83429181441373701
  0.83834072754331068  0.84235888512847923  0.84632170008623431  0.85025590575636711
  0.85424070060085611  0.85828701900374460  0.86244712836946325  0.86658611976139688
  0.87072019129788825  0.87491026966032437  0.87910426672453079  0.88337392588475550
  0.88760613797160204  0.89179161701531706  0.89597032446995362  0.90020883896066339
  0.90446071761766289  0.90874718311255487  0.91308281832948812  0.91740860691119519
  0.92169351672198463  0.92596521584041314  0.93027960486757111  0.93466528706683505
  0.93905934402968583  0.94343774670482272  0.94787502763658393  0.95241768105618374
  0.95711419832236833  0.96201997536693185  0.96705340991074229  0.97230321940397157
  0.97795391811078181  0.98423709575097229  0.99145643329743738  1.00000000000000000
  0.19727648761206379  0.33597203377463242  0.35401447952766490  0.36485608177505463
  0.37344508212504746  0.38026720149611365  0.38612459159019230  0.39153371866490805
  0.39644115338648789  0.40073598115805931  0.40471666241008131  0.40852244277036948
  0.41217883316681236  0.41572872443167286  0.41910646593970569  0.42231051763507066
  0.42545625367919082  0.42851114841994331  0.43148775123853744  0.43443646095505506
  0.43728160555800694  0.43999024915714346  0.44262912162631041  0.44521925443332894
  0.44775715474204292  0.45024434989760065  0.45269486176917528  0.45513706677811594
  0.45757430593866383  0.45998089670754572  0.46236039941678331  0.46473473181683966
  0.46705479437934871  0.46933119471288398  0.47158078759007566  0.47380927326295941
  0.47602332548195370  0.47825069993691538  0.48044534394425437  0.48262120658293067
  0.48482271265814220  0.48705073281421329  0.48928294443346548  0.49148965687517321
  0.49363531078645662  0.49577637204687292  0.49790457141999528  0.50005614613106741
  0.50223278868043009  0.50441876248055462  0.50660862202260792  0.50880334710648811
  0.51101450146147409  0.51323341903777109  0.51545106641509209  0.51766887208457324
  0.51987237108903039  0.52210468500468921  0.52435989461401655  0.52663142005245056
  0.52891930765868600  0.53120978523151408  0.53350200656059055  0.53580922479339566
  0.53812793678586901  0.54045647410627207  0.54284372258752844  0.54530814837403152
  0.54780024229336322  0.55034810631978004  0.55290423291251356  0.55551027299426314
  0.55810106103880042  0.56071721941361830  0.56344310823055965  0.56634733047910313
  0.56929812052636575  0.57228491927884495  0.57532878819004618  0.57843637808660531
  0.58162597338386379  0.58494711585104375  0.58846268397862844  0.59214385882061593
  0.59604012443846011  0.60020919351209967  0.60471924436276114  0.60984769428473418
  0.61531270713848929  0.62113062979181222  0.62791572823151554  0.63661872009730969
  0.64788495310266025  0.66688795119792299  0.80510102626427971  1.00000000000000000
   5188.3960790426136       -1.0000000000000000     
 F T T F T T T T T T T T F T T F
