  0.00000000000186276  0.00000000000204830  0.00000000000215165  0.00000000000225189
  0.00000000000235000  0.00000000000244789  0.00000000000254586  0.00000000000264365
  0.00000000000274306  0.00000000000284831  0.00000000000296093  0.00000000000307899
  0.00000000000319724  0.00000000000331731  0.00000000000343965  0.00000000000356435
  0.00000000000368975  0.00000000000381723  0.00000000000395754  0.00000000000410648
  0.00000000000426077  0.00000000000441544  0.00000000000457214  0.00000000000473232
  0.00000000000489636  0.00000000000506309  0.00000000000523178  0.00000000000543632
  0.00000000000565172  0.00000000000587481  0.00000000000610080  0.00000000000633140
  0.00000000000656870  0.00000000000681188  0.00000000000706009  0.00000000000731209
  0.00000000000762660  0.00000000000794102  0.00000000000826139  0.00000000000859248
  0.00000000000893782  0.00000000000929456  0.00000000000966302  0.00000000001006908
  0.00000000001052289  0.00000000001101964  0.00000000001151365  0.00000000001202539
  0.00000000001255265  0.00000000001309162  0.00000000001366787  0.00000000001433837
  0.00000000001508670  0.00000000001583371  0.00000000001659737  0.00000000001739675
  0.00000000001822298  0.00000000001913720  0.00000000002035012  0.00000000002151205
  0.00000000002267169  0.00000000002386901  0.00000000002516055  0.00000000002664646
  0.00000000002830074  0.00000000003007537  0.00000000003191118  0.00000000003380836
  0.00000000003585324  0.00000000003812648  0.00000000004070358  0.00000000004332708
  0.00000000004595753  0.00000000004886835  0.00000000005216008  0.00000000005583338
  0.00000000005964018  0.00000000006349375  0.00000000006815108  0.00000000007351871
  0.00000000007917887  0.00000000008487126  0.00000000009138098  0.00000000009987772
  0.00000000010931551  0.00000000011959203  0.00000000013259905  0.00000000014927409
  0.00000000016617390  0.00000000018461140  0.00000000021044705  0.00000000026426327
  0.00000000047708380  0.00000000059520006  0.00000000386933733  1.00000000000000000
 -0.00209141465953576  0.00952492421825063  0.01942247331713234  0.02964226943063561
  0.04004273170836335  0.05021423074952393  0.06035638704324398  0.07065055233033675
  0.08108274911618144  0.09162071301527464  0.10219555360895918  0.11268638184564767
  0.12340704828056007  0.13357227493194451  0.14377739212974611  0.15420522765520059
  0.16482068112743739  0.17566304521010895  0.18624426243724773  0.19679745981300151
  0.20752443970652448  0.21844240555070232  0.22937728921080261  0.23964454861472781
  0.24999078059625732  0.26043907152330170  0.27128834452049905  0.28176473887754416
  0.29226621507715250  0.30302719931465705  0.31399314334675338  0.32538484684879271
  0.33685729241677692  0.34858000884402135  0.35961946465968347  0.37048738974807705
  0.38116848873309828  0.39164201705516583  0.40190112247470655  0.41199460383751935
  0.42235095070120904  0.43258297284864544  0.44264287053722479  0.45269186148249790
  0.46314328689770229  0.47347499717493446  0.48386925031578304  0.49410491796987388
  0.50443222530906273  0.51481857059856695  0.52531093271509455  0.53603838284944261
  0.54635981868872263  0.55653794438185089  0.56694205030468181  0.57763334057417759
  0.58809462522103806  0.59816879624899133  0.60834964597526553  0.61849592171308299
  0.62874154669475735  0.63881322161223864  0.64880326184194315  0.65860558705714223
  0.66853126121115425  0.67881405945714735  0.68919267979371157  0.69960370202272426
  0.71003108497535827  0.72049888497102599  0.73117874653625936  0.74208364844560726
  0.75310982205232890  0.76393207687247888  0.77486799406974316  0.78549339177174093
  0.79596311453864610  0.80588059871040463  0.81579449267574877  0.82568252321374258
  0.83620230490851244  0.84741669431283995  0.85839481741550017  0.86903442724208291
  0.87968603142689827  0.88984506293849652  0.90039178961943556  0.91055359309189809
  0.92122825739473713  0.93169740981443372  0.94250331596554315  0.95365317564619900
  0.96519341190564356  0.97672032115739393  0.98848384969805458  1.00000000000000000
  0.51036391106172696  0.51552933804087431  0.51987416694861022  0.52480471910220150
  0.53020796164198358  0.53541093915809523  0.54074003271621429  0.54609738229336424
  0.55141068572986762  0.55660902788505029  0.56170520907298793  0.56673254089801217
  0.57176580273112010  0.57682204440129980  0.58179832139953813  0.58664385593982626
  0.59142681052156598  0.59620302110789825  0.60092390386225669  0.60582023754111591
  0.61098438319825810  0.61630989820402304  0.62156672263852175  0.62652312501863650
  0.63121026649785728  0.63582115887347435  0.64052541774035288  0.64532408739475822
  0.65024641277310258  0.65518461801974215  0.66014963759499501  0.66509869956811563
  0.66997700425557116  0.67480236633012636  0.67959285528214541  0.68431395149514496
  0.68909725190268445  0.69396813874549168  0.69885844397188812  0.70370861778602734
  0.70859517900530833  0.71354071764692606  0.71848356906067234  0.72344918783526102
  0.72844388599389753  0.73346109758407263  0.73844203666159447  0.74330304324434793
  0.74809401509492457  0.75287711386873801  0.75767971763498199  0.76254086537698140
  0.76744619560801430  0.77231887946472122  0.77709008369500221  0.78176818337271825
  0.78643398351230731  0.79112251339918971  0.79580299947935684  0.80047277497113833
  0.80521106207107862  0.81002437790826542  0.81486782529921575  0.81989805192692100
  0.82469666940824626  0.82953038163459336  0.83422454123035605  0.83897354951068226
  0.84376351572522568  0.84864759628808217  0.85344184935710377  0.85850006501844145
  0.86357481529552316  0.86872388055187177  0.87383682379145389  0.87888729973250235
  0.88388049164888105  0.88885017700954050  0.89375749714614394  0.89873423195223523
  0.90383376300814300  0.90905769649072299  0.91441977049785372  0.91989577147725843
  0.92546802964841535  0.93104491033436321  0.93666505828061253  0.94239682262246083
  0.94819991609861887  0.95405130933950044  0.96014298255814856  0.96664807122355190
  0.97344780934478781  0.98064693087934640  0.98916739491464767  1.00000000000000000
  0.19844348068207326  0.33531167245866378  0.35376037053205323  0.36436594138363954
  0.37277555799453976  0.37963044985233918  0.38555763484968586  0.39104543780161921
  0.39597627812130654  0.40034824337355190  0.40442939970952169  0.40836201895665286
  0.41213110208498355  0.41574129289919431  0.41911039478512924  0.42230513136734588
  0.42541663689368292  0.42850555428602738  0.43146447352383493  0.43440179253127298
  0.43721074270972998  0.43990142460197340  0.44250070520294216  0.44506297593029198
  0.44760535806744733  0.45012549028010784  0.45261590951532898  0.45507459750116780
  0.45748964666406683  0.45984766185468617  0.46217670865227622  0.46450767545977689
  0.46681773427214873  0.46911145951202948  0.47136466747383660  0.47360503179164526
  0.47583756678428712  0.47807407255796508  0.48026786147784317  0.48243274109095130
  0.48458997860232939  0.48675770638367022  0.48894898779484330  0.49114409664720760
  0.49331320794986849  0.49548933484815300  0.49766278901862510  0.49985131811009714
  0.50203638753902158  0.50419847535341522  0.50633961550464657  0.50848996143696257
  0.51066832297685660  0.51286981634430850  0.51509261399259110  0.51732886720890747
  0.51954459980279444  0.52177416202115778  0.52399197975273415  0.52622154632747964
  0.52847025818677462  0.53073129528895535  0.53304991532467039  0.53537512501543105
  0.53769552996682701  0.54001726249769844  0.54237543009165612  0.54479244541967453
  0.54725719956821184  0.54974977350845677  0.55225059586448177  0.55477477854890223
  0.55735279876394694  0.55997673995278385  0.56267716293057346  0.56555062371549569
  0.56846253811211078  0.57138158095036495  0.57437883416362967  0.57746749576436740
  0.58064511191191714  0.58401366745929817  0.58758585046453826  0.59129750424583361
  0.59514504132376023  0.59913231088433605  0.60334267474557657  0.60830088352376188
  0.61384601441736264  0.61988889810355119  0.62685385491971168  0.63558371713386574
  0.64697604841652256  0.66708424989960924  0.80730226849941011  1.00000000000000000
   5133.5033411682798       -1.0000000000000000     
 F T T F T T T T T T T T F T T F
