  0.00000000000183371  0.00000000000197349  0.00000000000205987  0.00000000000215556
  0.00000000000224726  0.00000000000234530  0.00000000000244636  0.00000000000254898
  0.00000000000265224  0.00000000000275690  0.00000000000286233  0.00000000000297063
  0.00000000000307935  0.00000000000319002  0.00000000000330843  0.00000000000343307
  0.00000000000355834  0.00000000000368612  0.00000000000381649  0.00000000000395113
  0.00000000000408861  0.00000000000423011  0.00000000000437636  0.00000000000453286
  0.00000000000470026  0.00000000000487290  0.00000000000504884  0.00000000000522872
  0.00000000000541474  0.00000000000560649  0.00000000000580063  0.00000000000599771
  0.00000000000621245  0.00000000000645321  0.00000000000669820  0.00000000000695045
  0.00000000000721204  0.00000000000748329  0.00000000000776425  0.00000000000805521
  0.00000000000836407  0.00000000000871179  0.00000000000908989  0.00000000000946574
  0.00000000000985476  0.00000000001026266  0.00000000001069212  0.00000000001113771
  0.00000000001161537  0.00000000001214174  0.00000000001271527  0.00000000001329939
  0.00000000001391273  0.00000000001455140  0.00000000001521261  0.00000000001593435
  0.00000000001675524  0.00000000001761170  0.00000000001850006  0.00000000001942478
  0.00000000002038118  0.00000000002141576  0.00000000002257828  0.00000000002387031
  0.00000000002523377  0.00000000002670448  0.00000000002825848  0.00000000002988110
  0.00000000003178339  0.00000000003388449  0.00000000003616201  0.00000000003850472
  0.00000000004092870  0.00000000004364141  0.00000000004664223  0.00000000004979400
  0.00000000005327529  0.00000000005721671  0.00000000006201311  0.00000000006681641
  0.00000000007179566  0.00000000007741498  0.00000000008440947  0.00000000009316039
  0.00000000010222215  0.00000000011252517  0.00000000012459425  0.00000000013900633
  0.00000000015646516  0.00000000017643714  0.00000000019714992  0.00000000021965839
  0.00000000026909725  0.00000000077501898  0.00000000278757270  1.00000000000000000
 -0.00234641356029688  0.01011023027278297  0.02041280769925349  0.03143270139327951
  0.04222977405773082  0.05260187639790631  0.06304415960816828  0.07338987729875253
  0.08415881787784690  0.09423622195385099  0.10445858846796087  0.11451483046446274
  0.12479925707823984  0.13538153593319441  0.14596573140684632  0.15671193370358097
  0.16752870914376547  0.17835300054717004  0.18915073626225329  0.19970245363515485
  0.21039651003077170  0.22074287895149727  0.23141620149779107  0.24190060636504226
  0.25236602040448852  0.26271558034921844  0.27298448274643528  0.28315085727115841
  0.29316225821015152  0.30330868348005163  0.31355041415477897  0.32398844183708198
  0.33445608809663985  0.34502750972966029  0.35554136097650985  0.36606692651587236
  0.37648556417595641  0.38675868369020694  0.39683915180779855  0.40688777841543849
  0.41697394976673002  0.42710122324137301  0.43731454948778509  0.44766162089505912
  0.45810661831668215  0.46870488323088993  0.47932575481193190  0.49001659008821147
  0.50060539081371369  0.51114927423289602  0.52161089572122299  0.53200276466873664
  0.54249831104286339  0.55317846600053966  0.56408778909043289  0.57517214414690165
  0.58636699857723262  0.59742966571661660  0.60835401962128255  0.61882463470349292
  0.62953689100505450  0.64029435225037146  0.65087629658264501  0.66119825606171567
  0.67142281711056950  0.68180546002795728  0.69228950965569269  0.70280021112441970
  0.71332333484786237  0.72399361825105668  0.73478468085585424  0.74561435903491047
  0.75632569420511198  0.76690974211955487  0.77733377763536915  0.78792147498021670
  0.79849103290137058  0.80921283331939287  0.81991386555327028  0.83041583057985202
  0.84084478794319994  0.85085917062615679  0.86114801133226626  0.87139990377108423
  0.88186956523526172  0.89248940165684987  0.90348083596794249  0.91429498616006588
  0.92474855079426732  0.93502491847630942  0.94573753969075280  0.95677917773518983
  0.96745081553501466  0.97812101899084691  0.98897728401453200  1.00000000000000000
  0.59701818712434251  0.60114228733090580  0.60457996585382734  0.60874003649402930
  0.61317465086821421  0.61760788118260956  0.62213254135720453  0.62661332133674030
  0.63093154965532339  0.63509471184646982  0.63926750709266189  0.64348913006990371
  0.64774392243182277  0.65201980467748921  0.65627326104386374  0.66045406309154664
  0.66454964164674635  0.66861873113316528  0.67271908212489662  0.67682849602437789
  0.68093714799555605  0.68507584918891007  0.68925449674250927  0.69345971874156487
  0.69762740818842361  0.70177122592948105  0.70596512847193071  0.71016233448428434
  0.71434730206090002  0.71852851556920649  0.72269089678968168  0.72684136498150920
  0.73094681231784020  0.73503142550218770  0.73911225405129632  0.74315946344459560
  0.74716105328657023  0.75113657377774479  0.75503978087167234  0.75893840246032696
  0.76283847849176478  0.76676798761044096  0.77069947691036922  0.77463719877247739
  0.77860931107341813  0.78259684337881485  0.78656836863971147  0.79054030229559635
  0.79445335872465073  0.79838098983288286  0.80229059530290758  0.80619235906527320
  0.81017586778522643  0.81408706187549384  0.81803560863661218  0.82201822688721782
  0.82599826182473579  0.82993969848586480  0.83382282602748548  0.83766224623735741
  0.84153914085778847  0.84542494923536660  0.84933078447750121  0.85325303957431176
  0.85718046857631069  0.86107365810825576  0.86496756502619210  0.86885023914351545
  0.87272363770054973  0.87656801686351782  0.88044713474810898  0.88431440045221987
  0.88819727813787408  0.89209542198251979  0.89608549776670954  0.90016068223324008
  0.90425364467404101  0.90833847845893700  0.91245055474439085  0.91661419720881832
  0.92085084965433239  0.92508681926303982  0.92927663614382150  0.93345385426290706
  0.93773871855733992  0.94216858337465725  0.94668041889822840  0.95119281055933824
  0.95577677351695189  0.96055362326534721  0.96561539558304699  0.97088723370809005
  0.97644671427922958  0.98256654245345465  0.99019093080528009  1.00000000000000000
  0.18512066131543298  0.34322078532718331  0.36180961169833187  0.37220704424766882
  0.37984127363448622  0.38602271024782614  0.39160709748226258  0.39659068385538737
  0.40098247103004409  0.40510513255686681  0.40902849228071708  0.41273883275177126
  0.41626409244320112  0.41954857179477728  0.42261827456685797  0.42563205853416097
  0.42855205166150179  0.43141214030663366  0.43421609108973441  0.43693559011141742
  0.43955030127365669  0.44211433762895164  0.44465637158658972  0.44717461763151201
  0.44965403532491799  0.45208611713484803  0.45447050018038931  0.45683541072332240
  0.45916075512653465  0.46145163032408537  0.46370105643292492  0.46592267967911694
  0.46812952186081153  0.47033401746415271  0.47253818068677417  0.47472269792163790
  0.47687463041127126  0.47899098124141748  0.48107951425899281  0.48315297517361133
  0.48522261041856429  0.48730020897585818  0.48939385020380571  0.49150200618129564
  0.49361812133840877  0.49574080404539045  0.49783975362485383  0.49991799747379395
  0.50196461947191118  0.50399595408914466  0.50605125404803009  0.50812089518199610
  0.51019726158201684  0.51226441011015311  0.51432431357175679  0.51639377333859204
  0.51846609631984941  0.52054111258463442  0.52264329321626180  0.52477707634426929
  0.52692879699936379  0.52910081065062420  0.53129823583079183  0.53352015751611981
  0.53576672174163142  0.53802988452058109  0.54031254006868812  0.54262912760705095
  0.54498355396491405  0.54737554138316480  0.54978227874199881  0.55221134621735168
  0.55467131469568987  0.55717102550324360  0.55971410561182111  0.56231690820741520
  0.56505550905301682  0.56791206694053509  0.57082748979082421  0.57380112467063715
  0.57686428608780294  0.57998266345702165  0.58327556631586186  0.58682094986806665
  0.59058874200509259  0.59452748453752946  0.59869245981381780  0.60315031551816722
  0.60827605318872835  0.61411930045155205  0.62068315763681925  0.62893886447032876
  0.63990416932014815  0.66004343806015764  0.81089899256575981  1.00000000000000000
   1246.7280837449041       -1.0000000000000000     
 F T T F T T T T T T T T F T T F
