 -0.00000000000002149  0.00000000000108406  0.00000000000180726  0.00000000000247669
  0.00000000000314467  0.00000000000379396  0.00000000000442559  0.00000000000503448
  0.00000000000566224  0.00000000000630062  0.00000000000695619  0.00000000000762512
  0.00000000000829527  0.00000000000896807  0.00000000000965183  0.00000000001033950
  0.00000000001105149  0.00000000001179169  0.00000000001255249  0.00000000001332655
  0.00000000001410789  0.00000000001490090  0.00000000001570640  0.00000000001652487
  0.00000000001737078  0.00000000001825026  0.00000000001913488  0.00000000002002313
  0.00000000002092275  0.00000000002184775  0.00000000002285494  0.00000000002394251
  0.00000000002509424  0.00000000002627133  0.00000000002746613  0.00000000002866575
  0.00000000002987323  0.00000000003128603  0.00000000003274167  0.00000000003423282
  0.00000000003575500  0.00000000003728893  0.00000000003883323  0.00000000004052283
  0.00000000004238559  0.00000000004434106  0.00000000004632823  0.00000000004837812
  0.00000000005051005  0.00000000005269225  0.00000000005512952  0.00000000005775169
  0.00000000006032279  0.00000000006295147  0.00000000006565189  0.00000000006844469
  0.00000000007146837  0.00000000007485990  0.00000000007846624  0.00000000008213718
  0.00000000008603734  0.00000000009010690  0.00000000009431505  0.00000000009906160
  0.00000000010419106  0.00000000010953134  0.00000000011507845  0.00000000012075972
  0.00000000012707758  0.00000000013416624  0.00000000014176780  0.00000000014960715
  0.00000000015798248  0.00000000016606745  0.00000000017637559  0.00000000018706957
  0.00000000019857680  0.00000000021034458  0.00000000022239390  0.00000000023797349
  0.00000000025684656  0.00000000027754353  0.00000000029865892  0.00000000032359366
  0.00000000035288241  0.00000000038209046  0.00000000041718645  0.00000000045697078
  0.00000000050864829  0.00000000059420774  0.00000000069548764  0.00000000079688290
  0.00000000092737833  0.00000000113983948  0.00000000925153708  1.00000000000000000
 -0.00223939654578975  0.01058091916820490  0.02058187055131360  0.03101721856415519
  0.04133594382278438  0.05202266230285032  0.06271220257223205  0.07309734525171981
  0.08358108811209175  0.09376808243349422  0.10416003335287498  0.11458544108055614
  0.12495535447434972  0.13509993998545100  0.14538487293349531  0.15642748702091375
  0.16735066829081827  0.17696619678905662  0.18684977151739818  0.19759985700146804
  0.20824635678762315  0.21858562550486127  0.22890699770947803  0.23973828087340926
  0.25068672296820227  0.26111245816917034  0.27165798088235787  0.28225078640793722
  0.29288554668371836  0.30355493602166861  0.31428594535195581  0.32491339416907655
  0.33561750940292495  0.34653552909764873  0.35726970010533604  0.36807695167295884
  0.37881571323166913  0.38919162038025429  0.39949363699019136  0.40950209432193330
  0.41992181949057827  0.43035480084155886  0.44100723726401392  0.45157638133211053
  0.46208595889075305  0.47240412965808715  0.48267770318421949  0.49302108997296085
  0.50356045630256308  0.51427030916424810  0.52461957237028223  0.53450124585946057
  0.54443116904144839  0.55430493376451750  0.56421824346735960  0.57399341866930853
  0.58391710187817181  0.59443396649541524  0.60506513290142605  0.61543080736492495
  0.62582696921322678  0.63647533071529017  0.64738002219433954  0.65825768812117835
  0.66904043609310537  0.67961045027205214  0.69012887264713119  0.70046109374046228
  0.71073736879810001  0.72099089897514435  0.73137200545962644  0.74199135855202836
  0.75279852581323081  0.76376194240298656  0.77474703733390693  0.78555502499725494
  0.79607554761005828  0.80639395990597862  0.81685212016731445  0.82756366150571792
  0.83847216775372146  0.84918687260106152  0.86011985288071180  0.87104645904774147
  0.88173101108474050  0.89218325512157015  0.90243813132613993  0.91255323636311159
  0.92263401756759200  0.93278328351165740  0.94329052966142135  0.95425730075257920
  0.96544873464674008  0.97695678007560594  0.98851802649858933  1.00000000000000000
 -0.00470325527202349  0.02667839749702110  0.04934464993443997  0.06895229184760344
  0.08706271923383106  0.10368646741603836  0.11907104045605722  0.13358740286555151
  0.14794847664789010  0.16197470866558053  0.17538340230353869  0.18823125023980644
  0.20005016812361945  0.21158081918457633  0.22268428294370765  0.23374124467222920
  0.24450892323119860  0.25509592482554660  0.26536982993011204  0.27534100901811814
  0.28497231498392173  0.29451357452027277  0.30428220805122136  0.31425311051493471
  0.32422573470306987  0.33406815721850514  0.34374917225981105  0.35331886253229150
  0.36256243846137226  0.37144083410466877  0.38023126929675699  0.38901291532506227
  0.39789707975386496  0.40695938437421997  0.41602561856351716  0.42511765531888035
  0.43403376138474309  0.44285367974370626  0.45163929179945372  0.46034166970595808
  0.46897810608885315  0.47778039203415956  0.48664509250290089  0.49578192491844852
  0.50458033538278724  0.51319752692650911  0.52187292002058072  0.53054359303272292
  0.53921757120879266  0.54777976320765875  0.55605938750214778  0.56418211439451871
  0.57211390881339663  0.58001302094565244  0.58795811414681953  0.59586981506780345
  0.60381402087964431  0.61184400553376062  0.61973043560905283  0.62765637400954122
  0.63596808617879774  0.64429626156397102  0.65266089121295379  0.66068092589501215
  0.66869379446121568  0.67678736111642634  0.68502052744331676  0.69323415144360312
  0.70149422539677164  0.70968803777875478  0.71783896518485302  0.72616807512922066
  0.73473845435932228  0.74341081860411229  0.75208258718021603  0.76071848319459401
  0.76934871768797608  0.77816546371755435  0.78733599944438082  0.79688752252567752
  0.80664856580628486  0.81612011617646285  0.82542175967532483  0.83486522831572596
  0.84483527242246348  0.85491335545559832  0.86530446117866378  0.87587040338588940
  0.88699729069134026  0.89836070248211475  0.91021979859105728  0.92309538101406741
  0.93722348907462427  0.95288993294744673  0.97213781462532078  1.00000000000000000
  0.20882901287751127  0.35220303624111582  0.37068963053542620  0.38138642399642680
  0.38909730988880575  0.39564986368318433  0.40086121275146630  0.40543881686899291
  0.40976636057726090  0.41384062190803972  0.41756595233435567  0.42088101808429990
  0.42404141505468756  0.42712274323009630  0.43009005562198582  0.43296100170274754
  0.43577080551424724  0.43845305950619606  0.44087113652581122  0.44330865689233429
  0.44572386024709743  0.44808787584473631  0.45040040222920835  0.45264849700920223
  0.45486040142243472  0.45708004883206893  0.45921386153936450  0.46128465643012578
  0.46334954217451657  0.46540440740690875  0.46742901373474427  0.46943312133993043
  0.47144016319375082  0.47342590181546707  0.47537763537184630  0.47728802045562535
  0.47919086840726238  0.48104442793559093  0.48289573261546481  0.48473222373464941
  0.48657460602319280  0.48844534035569470  0.49032876847475027  0.49220977196813814
  0.49409003402645935  0.49597304465365366  0.49785023522328548  0.49973091388924401
  0.50159694128453636  0.50344908216243189  0.50528603944479689  0.50712492663389097
  0.50898188837535552  0.51087012656615571  0.51278012572744791  0.51469058849735749
  0.51659202321983644  0.51848821729256311  0.52040042638290707  0.52234047954942164
  0.52431027617140602  0.52627524809851922  0.52827143201969751  0.53030887855772380
  0.53236504883766245  0.53444491768780189  0.53654188524206969  0.53863083475986540
  0.54072140003666702  0.54285973129255838  0.54507429301212307  0.54732928561506755
  0.54963795822568950  0.55192299313591142  0.55428310868226038  0.55670649529692917
  0.55921885986100661  0.56180896069430009  0.56454733825611658  0.56740249616017568
  0.57033092614689562  0.57334204803981281  0.57643182612014177  0.57959213390546471
  0.58296327357056488  0.58670123772261362  0.59081917587783517  0.59530895215189106
  0.60006722696435222  0.60544920744256747  0.61205273632401835  0.61990683760095688
  0.63073507360971170  0.65051292498315305  0.78774250849135741  1.00000000000000000
   21.396709100305014       -1.0000000000000000     
 F T T F T T T T T T T T F T T F
