  0.00000000000315227  0.00000000000320389  0.00000000000324916  0.00000000000329474
  0.00000000000333801  0.00000000000337833  0.00000000000345048  0.00000000000356512
  0.00000000000368552  0.00000000000380613  0.00000000000392393  0.00000000000404335
  0.00000000000416611  0.00000000000429166  0.00000000000442104  0.00000000000455490
  0.00000000000469062  0.00000000000482817  0.00000000000496945  0.00000000000511170
  0.00000000000525519  0.00000000000541269  0.00000000000558616  0.00000000000577038
  0.00000000000596037  0.00000000000615470  0.00000000000635456  0.00000000000656225
  0.00000000000677756  0.00000000000699990  0.00000000000722652  0.00000000000745868
  0.00000000000769415  0.00000000000793194  0.00000000000817439  0.00000000000841123
  0.00000000000869286  0.00000000000902733  0.00000000000937858  0.00000000000973233
  0.00000000001009516  0.00000000001046872  0.00000000001085467  0.00000000001125434
  0.00000000001167091  0.00000000001209561  0.00000000001252952  0.00000000001296496
  0.00000000001341121  0.00000000001392348  0.00000000001456778  0.00000000001523135
  0.00000000001591206  0.00000000001660747  0.00000000001733307  0.00000000001809664
  0.00000000001890486  0.00000000001974620  0.00000000002059101  0.00000000002142980
  0.00000000002251940  0.00000000002380047  0.00000000002511685  0.00000000002645432
  0.00000000002783177  0.00000000002927998  0.00000000003083124  0.00000000003247771
  0.00000000003428641  0.00000000003651387  0.00000000003901585  0.00000000004159315
  0.00000000004419638  0.00000000004690227  0.00000000004966434  0.00000000005265098
  0.00000000005632236  0.00000000006080518  0.00000000006575933  0.00000000007080788
  0.00000000007610541  0.00000000008130520  0.00000000008698974  0.00000000009436449
  0.00000000010293803  0.00000000011258992  0.00000000012371117  0.00000000013657069
  0.00000000015224835  0.00000000016990836  0.00000000018794010  0.00000000020692962
  0.00000000023794692  0.00000000028226765  0.00000000327051510  1.00000000000000000
 -0.00215024291353032  0.00932989101637193  0.01899814539500165  0.02900107795601559
  0.03914562452574662  0.04961037661051254  0.06005554820804228  0.07055317329973979
  0.08093239289526967  0.09162179885035739  0.10238301767759073  0.11299278722944246
  0.12370293732054349  0.13408270944872741  0.14463775444520344  0.15449102173009202
  0.16420700132671706  0.17383407376725121  0.18348999670883445  0.19337680605092272
  0.20322864085089482  0.21307653928769738  0.22366688977499866  0.23427733453749064
  0.24537968597408324  0.25631304083202444  0.26765160816015637  0.27874554171834592
  0.28964511695457612  0.30053069411452593  0.31153094698185790  0.32223840788041541
  0.33277079287638683  0.34290015204874391  0.35307670132370633  0.36361333448946570
  0.37391656279087637  0.38471056890401883  0.39510024081950473  0.40608854569285086
  0.41680436126984277  0.42810799055911936  0.43944897754715018  0.45080369489598399
  0.46212592582529299  0.47332352451673171  0.48409676322756046  0.49442503798801546
  0.50490672190674712  0.51559330351458899  0.52625400159022306  0.53680906411730600
  0.54726551936394208  0.55784679286418648  0.56828055726721560  0.57881954246998246
  0.58915605496644785  0.59948827670602789  0.60964471604533943  0.61975857904062415
  0.62975740805981473  0.63984736842404577  0.65014883064734108  0.66046679973561551
  0.67087209505703094  0.68127913372500581  0.69173018588183588  0.70250281907141710
  0.71338506927782019  0.72409703645265477  0.73451007976895144  0.74475797428505153
  0.75524935067187593  0.76605081683502751  0.77646768360175722  0.78686184504182721
  0.79737705040060991  0.80841410945298431  0.81953881059146116  0.83053233449326880
  0.84144672376687057  0.85215328506512233  0.86289235154641752  0.87363194527835830
  0.88400635667998184  0.89437247218560034  0.90515229028315036  0.91588418461832366
  0.92678708557381018  0.93766505146823942  0.94804702795147522  0.95832262030516291
  0.96858657930404457  0.97892508937377254  0.98932448614696955  1.00000000000000000
  0.93731634733620062  0.93848248157314884  0.93916613525001413  0.93978355969282934
  0.94044022764796265  0.94109606724822814  0.94176480493099668  0.94244548643409465
  0.94312335452842189  0.94379482132959125  0.94445823148470420  0.94511382964928903
  0.94577666124271786  0.94643669368055849  0.94708744643647924  0.94771548671899053
  0.94834097945757834  0.94897274596420500  0.94961755127177772  0.95027469796047404
  0.95093710503882245  0.95158874534394611  0.95223647473488571  0.95287842390185162
  0.95352057650632172  0.95415274829966357  0.95478260523033254  0.95541574260541118
  0.95605626730644777  0.95668834372558609  0.95730781240655560  0.95791802597713138
  0.95853435878905713  0.95916193260986993  0.95978838591413729  0.96042002524452452
  0.96105695744085229  0.96169248902137328  0.96231801999182109  0.96293452830679038
  0.96354688726740978  0.96416259971468032  0.96478693207422384  0.96541911251929569
  0.96605087657890731  0.96667135204787769  0.96728286274369224  0.96788976136244731
  0.96849399452441332  0.96910441604346231  0.96972457453539251  0.97035515576444409
  0.97098692649283014  0.97161818730013572  0.97224067890065025  0.97285307406865018
  0.97345528858838781  0.97405980000423187  0.97467584235890359  0.97529716455781967
  0.97590641138826639  0.97650987796922495  0.97710958255425506  0.97771664487196308
  0.97832702087273937  0.97893123864992826  0.97956307100373674  0.98019469481916632
  0.98082844909606148  0.98146128474643601  0.98209675918346739  0.98273614974908052
  0.98337088887089863  0.98400068217127135  0.98463399113194716  0.98527484659294595
  0.98592087578612131  0.98657515216022762  0.98722336294763036  0.98787454128976848
  0.98853522901707136  0.98920566927177500  0.98988240730383026  0.99055523550158930
  0.99123293494945841  0.99192834288960074  0.99263186547291848  0.99333900478297155
  0.99405534337488755  0.99478064430629287  0.99551227519723262  0.99624797422286004
  0.99701312742769876  0.99783218589206002  0.99879186957321231  1.00000000000000000
  0.19400426940358162  0.33582717973262588  0.35482198485109007  0.36579417473959480
  0.37430112522043907  0.38098731841143935  0.38686441007337219  0.39231775815026421
  0.39719756588877048  0.40158615609456821  0.40571462557880122  0.40965051948154213
  0.41338442308323403  0.41691674734469197  0.42016626609554752  0.42329653233050579
  0.42639927615796697  0.42936940355588721  0.43232767586610776  0.43522416705332351
  0.43801306356105052  0.44070616551605230  0.44334354832318973  0.44598196892347280
  0.44858497992256913  0.45112703523077752  0.45360401546628615  0.45603226045133305
  0.45842056643478035  0.46075648812552189  0.46304774178245517  0.46535059601346274
  0.46761963250703620  0.46987083381115669  0.47212272546579637  0.47435037117662321
  0.47659063886933201  0.47880927146663926  0.48102290152833804  0.48324214969862761
  0.48546950036183123  0.48769509247066667  0.48990239471153790  0.49210326124833953
  0.49429410325617446  0.49650723354933390  0.49871163580244182  0.50089325205938651
  0.50303250689892343  0.50515438940203450  0.50729553319391074  0.50946980672719633
  0.51166581507146913  0.51384860666565380  0.51601524056625692  0.51819608902248859
  0.52039247957304313  0.52264796461421026  0.52493078598612297  0.52720163850002422
  0.52945818776394360  0.53171686274799823  0.53397852084055375  0.53624038230452897
  0.53850801086578359  0.54079578027869879  0.54315521780724241  0.54559772523964367
  0.54808040813963377  0.55061029600917577  0.55315260185721438  0.55567637623550470
  0.55817920400601340  0.56071779399666688  0.56339273080880936  0.56624104906141515
  0.56916620733291756  0.57211317601969558  0.57512806264737903  0.57817356750671067
  0.58127652876223379  0.58457381138779652  0.58817454038152839  0.59189921618984387
  0.59569530833879103  0.59966479629426317  0.60375753492923234  0.60867789783503901
  0.61393976340598411  0.61976034826557969  0.62677762249837232  0.63568450848709757
  0.64711970386590512  0.66671330937824069  0.80315737849035040  1.00000000000000000
   2368.3379488293135       -1.0000000000000000     
 F T F F T T T T T T T T F F T F
