  0.00000000000308745  0.00000000000315444  0.00000000000320982  0.00000000000326227
  0.00000000000331386  0.00000000000336145  0.00000000000342208  0.00000000000351456
  0.00000000000363736  0.00000000000375688  0.00000000000387595  0.00000000000399719
  0.00000000000412182  0.00000000000424858  0.00000000000437863  0.00000000000451049
  0.00000000000464619  0.00000000000478520  0.00000000000492675  0.00000000000507086
  0.00000000000521875  0.00000000000537255  0.00000000000553545  0.00000000000572554
  0.00000000000591497  0.00000000000610892  0.00000000000630951  0.00000000000651826
  0.00000000000673471  0.00000000000695806  0.00000000000718811  0.00000000000742397
  0.00000000000766636  0.00000000000791606  0.00000000000816534  0.00000000000841491
  0.00000000000870897  0.00000000000904662  0.00000000000941593  0.00000000000978520
  0.00000000001016687  0.00000000001055819  0.00000000001095351  0.00000000001136285
  0.00000000001178691  0.00000000001222596  0.00000000001267878  0.00000000001313411
  0.00000000001363342  0.00000000001423754  0.00000000001491749  0.00000000001560738
  0.00000000001631516  0.00000000001705080  0.00000000001783559  0.00000000001863053
  0.00000000001944670  0.00000000002027108  0.00000000002107696  0.00000000002216698
  0.00000000002344383  0.00000000002484969  0.00000000002629014  0.00000000002777273
  0.00000000002930461  0.00000000003087927  0.00000000003247729  0.00000000003402666
  0.00000000003617378  0.00000000003859481  0.00000000004108146  0.00000000004378476
  0.00000000004674046  0.00000000004975490  0.00000000005288895  0.00000000005654172
  0.00000000006101697  0.00000000006615531  0.00000000007152990  0.00000000007748037
  0.00000000008381627  0.00000000009224276  0.00000000010231573  0.00000000011337006
  0.00000000012506457  0.00000000013832063  0.00000000015476997  0.00000000017295276
  0.00000000019116588  0.00000000021103536  0.00000000023860748  0.00000000027828016
  0.00000000031277646  0.00000000036957061  0.00000003577124483  1.00000000000000000
 -0.00260748633041362  0.01022299174526064  0.02127599244874423  0.03232754983163497
  0.04310327094954097  0.05344288034714538  0.06398958267545608  0.07475388222598328
  0.08540952459017731  0.09557470756975055  0.10562560955433732  0.11587985584697193
  0.12616940007482449  0.13578568463432811  0.14539042535431720  0.15492375512393852
  0.16457642929299712  0.17423910377873769  0.18396518575496082  0.19381612000584472
  0.20386306240948701  0.21405810064933134  0.22452877293918258  0.23496221984165688
  0.24529349244622606  0.25566036006675857  0.26624672561029888  0.27714525127020212
  0.28789423463382291  0.29837368467168368  0.30863279591623599  0.31920629854587640
  0.32985555551652113  0.34034641153016537  0.35059981928328937  0.36094979623970974
  0.37138333074854352  0.38173263404487490  0.39196724888603990  0.40220398659974665
  0.41250344775212561  0.42284482427549069  0.43314642386806751  0.44354629375618532
  0.45394645247105980  0.46422335329651743  0.47441364843315126  0.48464492254064467
  0.49483591984157232  0.50479994353870949  0.51464771086450978  0.52471391473152973
  0.53492936353488185  0.54514081401603687  0.55517903864226181  0.56500923704502271
  0.57488899892878764  0.58509922149864091  0.59553914077841652  0.60567591601910875
  0.61542419530506831  0.62545455187754617  0.63606454642414822  0.64700268375546643
  0.65798955037209905  0.66886598321954938  0.67980182773317899  0.69095412816496826
  0.70215444071162236  0.71297999280157454  0.72331972673385125  0.73369870978635077
  0.74436276228109310  0.75522500447671215  0.76619667645863510  0.77725649663620378
  0.78836559319605681  0.79904168109350115  0.80938621765316354  0.81987799420863383
  0.83044631164481442  0.84116590434766636  0.85217439958880314  0.86356092788705219
  0.87562183097293078  0.88707747033653161  0.89858319527963093  0.90963993251093167
  0.92073935651584460  0.93177600626013435  0.94273205086646206  0.95391866627574284
  0.96508561230862699  0.97650685136109217  0.98819655412046747  1.00000000000000000
  0.93761518061335658  0.93867820464761453  0.93931591071232423  0.93997432737807252
  0.94063309040096077  0.94130157842343387  0.94196910476955420  0.94264443054679348
  0.94332276529202108  0.94398973220929738  0.94465051909427045  0.94532030022595259
  0.94599088723569635  0.94663826124317318  0.94726312188201944  0.94788215315205737
  0.94850806867878823  0.94914143567595688  0.94978079663956827  0.95042665640526591
  0.95107180788739365  0.95170351656970442  0.95232366332262974  0.95293900655179720
  0.95356408166608730  0.95419197782621645  0.95483440284646870  0.95547155094807434
  0.95611325380397827  0.95673285895856486  0.95735258953667668  0.95797391222680872
  0.95859772910472407  0.95925598542462887  0.95988668708233693  0.96052843684066380
  0.96116674429867532  0.96182219949423664  0.96247112696025483  0.96311625560133318
  0.96374207289097413  0.96437442825749264  0.96500086170785004  0.96563361735957298
  0.96626726052903078  0.96690304476600331  0.96753817891793492  0.96817059942992079
  0.96879337160638623  0.96941199122498400  0.97002907698151331  0.97064961605678146
  0.97126806695536538  0.97187129447859100  0.97245847227601889  0.97304144406395288
  0.97363146459001282  0.97422977909953412  0.97483223949473485  0.97542775443642271
  0.97602093451908556  0.97662545267198697  0.97723598500244024  0.97785110396452590
  0.97845945923283018  0.97906401739110382  0.97968408906576010  0.98030664004052126
  0.98092371821240587  0.98153864952337377  0.98216601464608466  0.98279817097669486
  0.98345737057017457  0.98412810663246808  0.98479286640530295  0.98544265421279598
  0.98607477066456339  0.98672382838495543  0.98737719972856841  0.98803333368667523
  0.98868520430013007  0.98933125256776366  0.98997939749098640  0.99062689496787781
  0.99128160779635877  0.99194625814212134  0.99262604764556750  0.99331761544409947
  0.99401867155327472  0.99472895072819567  0.99545731709841834  0.99621627621381448
  0.99701790111625188  0.99787120159094078  0.99883928622525031  1.00000000000000000
  0.19301383240323175  0.33496071595795440  0.35447451668668833  0.36550360135599158
  0.37396656215884083  0.38062644669910967  0.38642498502183759  0.39186896930897031
  0.39679025698672199  0.40113669383600520  0.40520175343070136  0.40901560603648945
  0.41272524107972247  0.41631219398071617  0.41965139100533827  0.42279992578216863
  0.42587926245219471  0.42887473085297195  0.43182509110074546  0.43468510776679858
  0.43744586248351874  0.44010712412089453  0.44269030785927227  0.44524305038857964
  0.44777884585895017  0.45031936888194302  0.45286083137221211  0.45538635189346860
  0.45787594015657285  0.46030579219457690  0.46269481438738175  0.46507520663778779
  0.46743868725577037  0.46974561117795827  0.47203156605042984  0.47428904815070927
  0.47652009939920364  0.47871430867898340  0.48086412800014089  0.48300029834794639
  0.48515010460698821  0.48731428373889707  0.48949599157297852  0.49169502846155821
  0.49389120732353775  0.49609305026835315  0.49828338529175797  0.50046180600988033
  0.50261318716540071  0.50475227634551223  0.50689668597914350  0.50904663930964100
  0.51119589340693250  0.51335205992455679  0.51551750665277185  0.51767908379996719
  0.51982736120555784  0.52199850686205596  0.52417976209206119  0.52640144198540606
  0.52863467630437067  0.53088890383386167  0.53314970024578079  0.53541449069144498
  0.53767206316152893  0.53991857745445337  0.54221711998237210  0.54460311211679069
  0.54703363677375039  0.54948636415601582  0.55196605093271434  0.55451058804394970
  0.55706759953523444  0.55967216109651563  0.56233407351701425  0.56510830322098560
  0.56797699318314687  0.57092255633248701  0.57394879540357546  0.57708986516010163
  0.58026133747877051  0.58360062198291895  0.58725568293951980  0.59112102134798261
  0.59514595842566587  0.59929943443812939  0.60371044344423153  0.60864109279879663
  0.61408877916922044  0.61994217150119213  0.62689736242080807  0.63572429055241320
  0.64742729027551960  0.66851391804023041  0.80221595790745992  1.00000000000000000
   4317.6348441333976       -1.0000000000000000     
 F T F F T T T T T T T T F F T F
