  0.00000000000310527  0.00000000000316655  0.00000000000321823  0.00000000000326696
  0.00000000000331013  0.00000000000335166  0.00000000000339935  0.00000000000347118
  0.00000000000359361  0.00000000000370741  0.00000000000381864  0.00000000000393072
  0.00000000000404490  0.00000000000416101  0.00000000000427930  0.00000000000440506
  0.00000000000453417  0.00000000000466754  0.00000000000480493  0.00000000000494339
  0.00000000000508190  0.00000000000522048  0.00000000000537022  0.00000000000554090
  0.00000000000572878  0.00000000000592351  0.00000000000611991  0.00000000000631967
  0.00000000000652322  0.00000000000673443  0.00000000000695038  0.00000000000717077
  0.00000000000739643  0.00000000000762758  0.00000000000786335  0.00000000000810570
  0.00000000000835650  0.00000000000862001  0.00000000000896938  0.00000000000933948
  0.00000000000970831  0.00000000001008741  0.00000000001048461  0.00000000001090171
  0.00000000001132688  0.00000000001175523  0.00000000001218861  0.00000000001263478
  0.00000000001309641  0.00000000001358131  0.00000000001413779  0.00000000001484712
  0.00000000001554352  0.00000000001626903  0.00000000001702872  0.00000000001778966
  0.00000000001858964  0.00000000001941501  0.00000000002027206  0.00000000002112934
  0.00000000002221639  0.00000000002347905  0.00000000002478072  0.00000000002607299
  0.00000000002742482  0.00000000002882769  0.00000000003029610  0.00000000003182621
  0.00000000003332001  0.00000000003517025  0.00000000003733182  0.00000000003967940
  0.00000000004213566  0.00000000004472900  0.00000000004751163  0.00000000005035999
  0.00000000005340872  0.00000000005698869  0.00000000006155000  0.00000000006676324
  0.00000000007292889  0.00000000007965672  0.00000000008776030  0.00000000009858689
  0.00000000011119345  0.00000000012350503  0.00000000013717770  0.00000000016147337
  0.00000000018793080  0.00000000022261895  0.00000000026738343  0.00000000032529877
  0.00000000039801434  0.00000000048546557  0.00000000423167270  1.00000000000000000
 -0.00209399924796797  0.00942197197040807  0.01881821712567075  0.02855511428734881
  0.03826220267866921  0.04834101531367194  0.05879305889016217  0.06908503860059623
  0.07976965450765534  0.09066948526310309  0.10169129194190796  0.11260651031137993
  0.12333486937537601  0.13391400410129078  0.14426852311106395  0.15495680653339355
  0.16581825414059612  0.17716541308221478  0.18856329783937303  0.19939106951512162
  0.20985358240168078  0.22001550647030885  0.23036384002483001  0.24044724384674937
  0.25057334161112932  0.26104585443056272  0.27194016308802155  0.28291478073501131
  0.29378038757547204  0.30488686398205572  0.31603645315049805  0.32746043981658557
  0.33846380814977178  0.34942906266565377  0.36005789493478196  0.37042587146737155
  0.38065746615447110  0.39097960416582844  0.40170072961492598  0.41265492156128403
  0.42380055601913968  0.43491094323997492  0.44586349278328130  0.45689143491120715
  0.46803441465018980  0.47896401095709429  0.48951145748605096  0.49996982110220251
  0.51046488552985736  0.52086339923200764  0.53124785434317112  0.54185867609234184
  0.55264421483846637  0.56340318275427925  0.57404118393860271  0.58496720562850812
  0.59623389152392314  0.60710073463844039  0.61740755361342292  0.62744289118968433
  0.63734181770455733  0.64717548046974649  0.65703915754705100  0.66716467063463392
  0.67734508889022171  0.68741999253427521  0.69733307887609985  0.70737731512945234
  0.71720551847897940  0.72699481423450341  0.73712286506983549  0.74710941361588590
  0.75724427283237228  0.76712384783316023  0.77749479580096481  0.78807536654004628
  0.79824365242071249  0.80851036513224595  0.81867284647264138  0.82915786336867414
  0.83943486301284664  0.84979559672127081  0.86041320772945484  0.87113852235473144
  0.88188257838743300  0.89276284258239957  0.90341029942590412  0.91437715321069379
  0.92530759866866386  0.93640552870732974  0.94626900061205899  0.95624134456027765
  0.96715664173970517  0.97826220017002252  0.98926194026512038  1.00000000000000000
  0.93721053973993895  0.93850619097825738  0.93915355801717659  0.93981111712107668
  0.94048543411427032  0.94114839642038928  0.94180485698890370  0.94247842305968133
  0.94315711572761474  0.94382534499547044  0.94448684827085916  0.94512337698135473
  0.94574927409750431  0.94638101011731302  0.94703309556231430  0.94769543547914636
  0.94834802296451204  0.94899946084730924  0.94964973855493284  0.95029792009287695
  0.95093471256878159  0.95155562291811058  0.95216059259863384  0.95276404203789899
  0.95337964381414431  0.95399946194715624  0.95461219174980838  0.95521922078928423
  0.95582119839916924  0.95641664382319180  0.95700550325861888  0.95759821295392178
  0.95818435099281529  0.95880169450750186  0.95941310258454382  0.96003420659311467
  0.96066065066114759  0.96130257766747096  0.96194910850216098  0.96258748093204172
  0.96321541271259647  0.96383487578780913  0.96445007900178614  0.96507233046898488
  0.96569973033187140  0.96632852029220484  0.96696044235664180  0.96758518603227428
  0.96819840957614112  0.96880195238453115  0.96940706223303952  0.97002559645170083
  0.97065619523869762  0.97129465709377494  0.97193823427121140  0.97258033338052796
  0.97321143920307995  0.97383130468416734  0.97444265678452413  0.97505093462796999
  0.97566397767437762  0.97627655361128263  0.97688728689200455  0.97749736726934489
  0.97809185500523699  0.97869328710907566  0.97930157627919778  0.97993897315810885
  0.98058770674444129  0.98123988202836643  0.98189130521182666  0.98255022812514570
  0.98319840695100824  0.98385037413630982  0.98448977583025532  0.98512154180031064
  0.98575033155864278  0.98637894451163366  0.98701783553194555  0.98767459637141342
  0.98834341750335886  0.98901414852762337  0.98968110931545283  0.99034662805563400
  0.99102248456119335  0.99171332848056415  0.99241086944255363  0.99310907859263919
  0.99380219012218252  0.99449957203852035  0.99522691943808472  0.99600132223173599
  0.99684287211698908  0.99774723789191033  0.99877093922200322  1.00000000000000000
  0.19542978564431698  0.33676595789555142  0.35474556504734500  0.36522024577319029
  0.37361587958990577  0.38039597602930963  0.38627494457430961  0.39168081193840881
  0.39655766183413937  0.40082643028496040  0.40490215807813973  0.40882838687608397
  0.41267264291906380  0.41635624604637606  0.41971263402607806  0.42288925777670905
  0.42598222848279566  0.42904389072029775  0.43197852148971566  0.43487320240491395
  0.43765664938788729  0.44031273479986915  0.44290195712181263  0.44546450977254720
  0.44798095857879372  0.45049883909088012  0.45302312022710078  0.45553913251080497
  0.45801716923952190  0.46040883754797546  0.46272224618477059  0.46503426463773262
  0.46734373241174010  0.46960295890568360  0.47184147447388031  0.47403158106379589
  0.47623006616880170  0.47843214894756231  0.48059804357573660  0.48276705602027276
  0.48493550753161430  0.48710159717875828  0.48929130989993297  0.49147631017136023
  0.49364760979685340  0.49583557084882751  0.49801959857092065  0.50020984581707095
  0.50238316625903867  0.50455365852484668  0.50675702124504862  0.50894022759304414
  0.51111794626861007  0.51329550690539261  0.51546141388681810  0.51763173561534159
  0.51979818408606160  0.52197636484576426  0.52421561386142390  0.52644210606058095
  0.52866676085563991  0.53091439362858672  0.53320995788392778  0.53551537914971103
  0.53781043016929619  0.54010985840751113  0.54245266319542751  0.54485898201972793
  0.54732547157669287  0.54982456799865287  0.55234129829410694  0.55488284448486036
  0.55742261405831894  0.55999765707644356  0.56267778777644128  0.56553264185428287
  0.56852340884596819  0.57155901239079532  0.57462293530774000  0.57777708385221627
  0.58097643049329462  0.58441228537646284  0.58806538602748526  0.59183519827388131
  0.59572960577618295  0.59976717583539085  0.60410267647019877  0.60911029386700577
  0.61452660433439177  0.62038535599356170  0.62736587839050173  0.63614431349770750
  0.64756000166398531  0.66757532776172346  0.80333841107504589  1.00000000000000000
   2402.3709288734854       -1.0000000000000000     
 F T F F T T T T T T T T F F T F
