  0.00000000000179971  0.00000000000200280  0.00000000000209795  0.00000000000219010
  0.00000000000227957  0.00000000000237410  0.00000000000248221  0.00000000000259124
  0.00000000000270121  0.00000000000281189  0.00000000000292307  0.00000000000303372
  0.00000000000314616  0.00000000000326670  0.00000000000339646  0.00000000000353198
  0.00000000000366852  0.00000000000380675  0.00000000000394756  0.00000000000409032
  0.00000000000423650  0.00000000000438938  0.00000000000455524  0.00000000000473727
  0.00000000000492082  0.00000000000510672  0.00000000000530073  0.00000000000550217
  0.00000000000570852  0.00000000000592097  0.00000000000614516  0.00000000000638932
  0.00000000000664834  0.00000000000690836  0.00000000000717514  0.00000000000745204
  0.00000000000774173  0.00000000000803728  0.00000000000836034  0.00000000000873016
  0.00000000000912572  0.00000000000953113  0.00000000000994423  0.00000000001036833
  0.00000000001080273  0.00000000001125987  0.00000000001176290  0.00000000001231178
  0.00000000001289293  0.00000000001348924  0.00000000001411904  0.00000000001478473
  0.00000000001546681  0.00000000001622644  0.00000000001713116  0.00000000001802744
  0.00000000001896975  0.00000000001996606  0.00000000002091959  0.00000000002200834
  0.00000000002321825  0.00000000002456951  0.00000000002602526  0.00000000002754909
  0.00000000002903461  0.00000000003083450  0.00000000003289718  0.00000000003511053
  0.00000000003737572  0.00000000003960599  0.00000000004228557  0.00000000004550662
  0.00000000004881494  0.00000000005219314  0.00000000005561495  0.00000000005988917
  0.00000000006488283  0.00000000006996838  0.00000000007566981  0.00000000008206054
  0.00000000008898442  0.00000000009581003  0.00000000010299375  0.00000000011222952
  0.00000000012327754  0.00000000013621031  0.00000000015072925  0.00000000016939175
  0.00000000019346794  0.00000000022656344  0.00000000026425746  0.00000000030805034
  0.00000000036488418  0.00000000044746095  0.00000000335311357  1.00000000000000000
 -0.00259615111113579  0.00988053415360069  0.02069013506614244  0.03134760527515069
  0.04208963168732345  0.05281612278919496  0.06344059473347441  0.07409920658847978
  0.08489510132685961  0.09598964778064314  0.10720685567172850  0.11832473248978015
  0.12906409075017614  0.13958666865161717  0.15017703154252671  0.16082995220837892
  0.17155546788232573  0.18248755133671690  0.19339153500991943  0.20419683745982584
  0.21497862739761447  0.22591081752840306  0.23689890250932719  0.24780387561529013
  0.25867145969257299  0.26942833382212855  0.27980891583053696  0.29026541363221564
  0.30105073682960526  0.31202161631677366  0.32295463702005045  0.33417762253830485
  0.34567208621115075  0.35671690610269263  0.36723261832303528  0.37745494777217459
  0.38754873246359905  0.39738941350388945  0.40703505127552753  0.41698949915379702
  0.42707256673601918  0.43713575179917047  0.44713586761588703  0.45735432621988781
  0.46774260446870497  0.47843299447516896  0.48908762508655668  0.49949429243594323
  0.50952008450401953  0.51951731643955446  0.52983456665887807  0.53988154426577395
  0.54960942945758584  0.55912348602428164  0.56910721261139452  0.57928947295856625
  0.58961260781815517  0.59981647963164109  0.60995209665825012  0.62019435302012593
  0.63060952168388396  0.64128847803618461  0.65177427813447930  0.66229304745070949
  0.67288186152325491  0.68331655143744530  0.69402070473541977  0.70493367520428851
  0.71623287640104139  0.72730664438266701  0.73844940518514834  0.74962402934321104
  0.76072773256466086  0.77156994176349292  0.78201282531078986  0.79228798707543269
  0.80232219796645943  0.81215355204479789  0.82200543654454228  0.83202234047737589
  0.84266915478546678  0.85353954280357669  0.86434947926485917  0.87461776823775716
  0.88458075116131996  0.89448673957455915  0.90466856272413554  0.91480680318968055
  0.92527208375170378  0.93557535551783411  0.94606807845784258  0.95643980471009737
  0.96729597356302710  0.97812220655275073  0.98920558740335951  1.00000000000000000
  0.59658108492178852  0.60002621492433372  0.60291616933508718  0.60669897568958087
  0.61113664389154099  0.61545731494199563  0.61962800318553990  0.62380851917748448
  0.62802509553544872  0.63223112148081795  0.63637705363310748  0.64050225780864278
  0.64467075233519133  0.64902904074462631  0.65347261519793853  0.65789560633265187
  0.66211163088629621  0.66625272909244571  0.67048680325446730  0.67481621797321223
  0.67913908201752915  0.68338081808385420  0.68759726735651017  0.69178755098213507
  0.69595545335989772  0.70006036477561373  0.70413072323777137  0.70819967886935209
  0.71230221394256066  0.71645262343446758  0.72059513306697953  0.72466853113526752
  0.72870812956207720  0.73271444967610699  0.73670517958701887  0.74066783720503893
  0.74458827818179407  0.74852951903845455  0.75248849480936664  0.75648040918060933
  0.76048826038107764  0.76450850765025269  0.76855056155789891  0.77260177010381004
  0.77667853177480750  0.78072157868606307  0.78470394901647811  0.78856853043189734
  0.79242423528675643  0.79636436112426012  0.80033031370585905  0.80432294285022055
  0.80827138317485248  0.81218670023513695  0.81633414827609629  0.82048038011169189
  0.82461866370503023  0.82875750588798824  0.83290812388173519  0.83699093609899411
  0.84102985564078769  0.84510578431437877  0.84920519204999279  0.85339607906603066
  0.85736939103312026  0.86137042716203294  0.86531624726790146  0.86933972792820480
  0.87338340524583158  0.87738290318705636  0.88132140656459090  0.88526623417914263
  0.88925447180448902  0.89329163283843782  0.89737383756187239  0.90147251191491484
  0.90553553176627000  0.90954378416361459  0.91350506800353182  0.91755299951123492
  0.92180021852819383  0.92611393572265166  0.93038445754990962  0.93460438761344533
  0.93886643589693086  0.94324873520954688  0.94778311765982270  0.95247012893136795
  0.95733247247282949  0.96243674772400178  0.96765690429533180  0.97292046772235863
  0.97833884797665038  0.98418762460214748  0.99122417722266865  1.00000000000000000
  0.19378889497433494  0.33548323537506985  0.35385318234501129  0.36459542080292179
  0.37301417404651571  0.37982245871516884  0.38574309156380854  0.39124509896521903
  0.39617871846990094  0.40050154241972313  0.40454275065575318  0.40847205517780066
  0.41233874130824100  0.41606877854488328  0.41945981454016446  0.42265074422401611
  0.42578087224140870  0.42888273551640199  0.43190514867978208  0.43488174567989546
  0.43772065313239916  0.44040795063985722  0.44301236387470405  0.44557559462356877
  0.44811181035023989  0.45061819311006945  0.45308634201616260  0.45552102761927393
  0.45791871232169773  0.46026884243561406  0.46259899637199586  0.46495422466305086
  0.46730079975316591  0.46961962553988956  0.47189658153953906  0.47416089282871993
  0.47644022544922165  0.47868773477805021  0.48088265284682730  0.48303254110927624
  0.48515996592001204  0.48730265048154342  0.48948031230995626  0.49166080382740146
  0.49381613510790184  0.49595258470780007  0.49807704209210885  0.50020665877734738
  0.50234136151878772  0.50448537499729462  0.50665866731410758  0.50886002314145706
  0.51107329600351181  0.51328030709782624  0.51546227102312003  0.51762945525891535
  0.51979359957583504  0.52201908086929683  0.52425278804797926  0.52647626839392248
  0.52870324447847050  0.53096308353449073  0.53326197667707365  0.53557502565554926
  0.53788648121703120  0.54020845084377345  0.54258671910569312  0.54505403804953656
  0.54756853061825228  0.55010120443698751  0.55264371586209471  0.55519217521535569
  0.55773721176694624  0.56030018282748295  0.56291622592396917  0.56577557287743807
  0.56870511206729746  0.57170216501422455  0.57479214378748245  0.57795398586289992
  0.58118751192832663  0.58455553699495955  0.58815687893294832  0.59192760558721924
  0.59584524810487349  0.59989239445455900  0.60407513776434663  0.60898075720700173
  0.61431245950147351  0.62022898124486814  0.62715407068859652  0.63584178779153933
  0.64702323397537098  0.66638958670337611  0.80728533311103889  1.00000000000000000
   5173.6330484417631       -1.0000000000000000     
 F T T F T T T T T T T T F T T F
